1 1 3 7 6 5 10 0.259041 7 8 8
1 3 3 0 3 10 -0.462264 9 1 6 6 1 3 8 6 5 10 0.259041 7 10 0.529405 4 6 1 4 6 8 5 5 2 9 3 5 9 6 10 -0.265786 10 -0.859767 5 7 8 6 0 10 0.725333 101 4 7 10 0.704947 5 10 0.972839 8 8 
4 4 7 10 0.555773 10 0.555773 
3 10 -0.698141 3 5 0 3 10 -0.698141 3 5 0 3 10 0.458327 10 -0.698141 3 10 0.458327 10 -0.698141 6 6 3 6 6 3 10 0.458327 10 -0.698141 6 6 3 6 10 -0.698141 
5 0 2 2 5 8 6 8 0 6 7 5 1 8 8 3 10 -0.325602 10 0.029664 5 10 -0.352397 8 6 0 1 4 9 8 1 6 8 2 1 6 7 2 6 9 0 2 0 1 9 9 1 8 9 1 2 6 10 0.999481 3 6 10 0.249123 4 3 5 6 10 -0.692221 7 2 7 10 -0.875057 4 3 6 7 5 8 8 10 0.664937 3 1 1 3 9 8 5 8 8 10 -0.962279 1 3 8 10 -0.011841 1 6 7 1 2 3 10 -0.450392 8 3 7 9 1 0 9 8 1 9 7 
1 3 5 0 10 0.889309 1 0 1 8 9 0 7 9 0 5 8 10 0.551103 10 -0.529740 5 10 -0.775719 9 10 -0.301309 8 3 6 7 7 3 4 3 8 7 10 0.355754 3 5 9 6 10 -0.481429 1 9 6 
1 4 7 10 0.704947 5 10 0.972839 8 8
1 4 7 6 8 
1 1 3 7 6 5 10 0.259041 7 8 8 
1 1 3 7 6 5 10 0.259041 7 8 81 0 8 0 8 0 4 6 1 8 9 3 1 6 9 2 6 10 0.466048 0 5 3 8 9 6 5 8 3 6 1 6 10 0.031526 3 9 10 -0.130009 2 1 0 0 7 10 0.799554 9 9 4 1 5 6 8 6 3 7 8 3 0 9 10 -0.014985 7 
1 0 8 0 8 0 4 6 1 8 9 3 1 6 9 2 6 10 0.466048 0 5 3 8 9 6 5 8 3 6 1 6 10 0.031526 3 9 10 -0.130009 2 1 0 0 7 10 0.799554 9 9 4 1 5 6 8 6 3 7 8 3 0 9 10 -0.014985 7 
8 
1 1 5 1 0 8 9 5 8 10 -0.993896 9 0 2 7 10 -0.955596 2 7 8 0 0 10 0.239662 7 3 9 7 2 4 4 8 9 1 8 8 3 2 8 7 4 7 10 0.316782 5 4 1 0 9 6 4 7 9 3 4 9 10 0.660970 5 6 9 9 4 2 1 8 9 2 9 6 5 3 8 10 0.242958 2 8 8 4 10 -0.173193 6 2 9 4 2 6 8 4 10 -0.956053 6 
5 3 4 2 2 9 7 10 -0.558000 2 7 2 6 8 0 5 4 6 6 0 6 9 0 8 8 5 4 6 10 0.173132 1 10 -0.558000 7 3 9 10 -0.603442 2 4 1 5 6 9 8 1 9 6 2 3 6 7 3 8 8 1 4 1 9 9 3 8 8 3 3 8 7 3 9 0 8 6 2 5 5 5 7 7 8 0 6 10 -0.121494 5 8 7 7 3 9 0 8 6 4 5 6 10 0.713401 7 2 7 9 4 0 3 7 10 0.652760 2 8 6 2 2 9 10 0.979095 2 10 -0.038789 7 
5 3 4 2 2 9 7 10 -0.558000 2 7 2 6 8 0 5 4 6 6 0 6 9 0 8 8 5 4 6 10 0.173132 1 10 -0.558000 7 3 9 10 -0.603442 2 4 1 5 6 9 8 1 9 6 2 3 6 7 3 8 8 1 4 1 9 9 3 8 8 3 3 8 7 3 9 0 8 6 2 5 5 5 7 7 8 0 6 10 -0.121494 5 8 7 7 3 9 0 8 6 4 5 6 10 0.713401 7 2 7 9 4 0 3 7 10 0.652760 2 8 6 2 2 9 10 0.979095 2 10 -0.038789 7 
5 3 10 -0.603442 0 5 4 6 6 0 6 9 0 8 8 5 4 6 10 0.173132 1 10 -0.558000 7 3 9 10 -0.603442 2 4 2 7 2 6 8 2 3 6 7 3 4 2 7 10 -0.558000 10 -0.121494 8 1 4 1 9 9 3 8 8 3 3 8 7 1 6 7 2 5 5 5 7 7 3 10 -0.603442 0 5 4 6 6 0 6 9 0 8 8 5 4 6 5 4 6 10 0.173132 7 7 1 10 -0.558000 7 3 9 10 -0.603442 0 6 10 -0.121494 5 8 7 7 3 9 0 8 6 4 5 9 10 0.713401 7 2 7 9 4 0 3 7 10 0.652760 7 2 2 9 10 0.979095 2 10 -0.038789 7 
5 3 10 -0.603442 0 5 4 6 6 0 6 9 0 8 8 5 4 6 10 0.173132 1 10 -0.558000 7 3 9 10 -0.603442 2 4 2 7 2 6 8 2 3 6 7 3 4 2 7 10 -0.558000 10 -0.121494 8 1 4 1 9 9 3 8 8 3 3 8 7 1 6 7 2 5 5 5 7 7 3 10 -0.603442 0 5 4 6 6 0 6 9 0 8 8 5 4 6 5 4 6 10 0.173132 7 7 1 10 -0.558000 7 3 9 10 -0.603442 0 6 10 -0.121494 5 8 7 7 3 9 0 8 6 4 5 9 10 0.713401 7 2 7 9 4 0 3 7 10 0.652760 7 2 2 9 10 0.979095 2 10 -0.038789 7 
2 1 3 0 2 1 6 9 3 9 9 2 4 8 8 0 7 7 2 2 3 6 6 3 8 10 -0.306528 3 3 6 9 3 7 8 0 4 0 1 6 8 0 6 9 4 5 6 6 8 4 8 6 4 2 4 9 10 -0.464949 0 10 0.817866 9 5 2 10 0.691824 6 3 6 10 -0.236641 4 10 -0.127689 9 5 1 3 0 5 6 7 7 0 8 8 0 3 6 9 4 9 9 5 1 1 6 9 0 7 7 2 3 6 8 0 8 9 5 0 7 9 3 6 10 -0.089694 1 9 10 -0.809259 5 2 4 2 6 10 0.964354 0 10 0.162267 7 3 2 10 0.706656 9 2 7 7 1 2 4 10 -0.329447 6 1 9 7 3 2 9 7 0 9 7 0 4 3 9 8 3 8 6 0 1 7 7 1 7 9 0 1 3 0 7 9 2 10 0.264626 9 4 4 6 7 1 6 8 4 1 5 6 10 -0.060121 8 5 10 -0.064150 8 9 5 1 6 10 -0.321543 4 9 6 2 10 0.297067 6 
2 1 3 0 2 1 6 9 3 9 9 2 4 8 8 0 7 7 2 2 3 6 6 3 8 10 -0.306528 3 3 6 9 3 7 8 0 4 0 1 6 8 0 6 9 4 5 6 6 8 4 8 6 4 2 4 9 10 -0.464949 0 10 0.817866 9 5 2 10 0.691824 6 3 6 10 -0.236641 4 10 -0.127689 9 5 1 3 0 5 6 7 7 0 8 8 0 3 6 9 4 9 9 5 1 1 6 9 0 7 7 2 3 6 8 0 8 9 5 0 7 9 3 6 10 -0.089694 1 9 10 -0.809259 5 2 4 2 6 10 0.964354 0 10 0.162267 7 3 2 10 0.706656 9 2 7 7 1 2 4 10 -0.329447 6 1 9 7 3 2 9 7 0 9 7 0 4 3 9 8 3 8 6 0 1 7 7 1 7 9 0 1 3 0 7 9 2 10 0.264626 9 4 4 6 7 1 6 8 4 1 5 6 10 -0.060121 8 5 10 -0.064150 8 9 5 1 6 10 -0.321543 4 9 6 2 10 0.297067 6 
1 1 0 5 1 2 7 8 1 7 6 5 4 10 -0.519364 9 1 9 6 4 10 -0.557787 9 1 5 6 7 6 2 8 10 0.181555 2 1 9 10 -0.951048 4 6 6 0 4 1 0 9 7 4 10 -0.153417 6 0 0 6 9 5 9 7 9 0 3 3 7 9 5 6 6 8 3 4 7 8 0 8 8 0 4 4 5 0 6 7 5 10 -0.444166 7 8 4 10 -0.013123 8 1 2 10 0.758171 9 5 7 10 -0.770898 10 -0.338206 1 0 3 6 10 0.160680 3 6 6 5 1 8 6 0 8 10 0.032929 1 7 6 0 1 5 0 9 10 -0.161107 5 7 8 9 2 7 10 0.886776 1 4 9 9 2 9 8 5 4 5 6 9 6 2 6 8 1 4 10 0.204047 9 1 6 7 2 3 9 6 5 6 10 0.143223 9 
