1 1 3 7 6 5 10 0.259041 7 8 8
1 3 3 0 3 10 -0.462264 9 1 6 6 1 3 8 6 5 10 0.259041 7 10 0.529405 4 6 1 4 6 8 5 5 2 9 3 5 9 6 10 -0.265786 10 -0.859767 5 7 8 6 0 10 0.725333 101 4 7 10 0.704947 5 10 0.972839 8 8 
4 4 7 10 0.555773 10 0.555773 
3 10 -0.698141 3 5 0 3 10 -0.698141 3 5 0 3 10 0.458327 10 -0.698141 3 10 0.458327 10 -0.698141 6 6 3 6 6 3 10 0.458327 10 -0.698141 6 6 3 6 10 -0.698141 
5 0 2 2 5 8 6 8 0 6 7 5 1 8 8 3 10 -0.325602 10 0.029664 5 10 -0.352397 8 6 0 1 4 9 8 1 6 8 2 1 6 7 2 6 9 0 2 0 1 9 9 1 8 9 1 2 6 10 0.999481 3 6 10 0.249123 4 3 5 6 10 -0.692221 7 2 7 10 -0.875057 4 3 6 7 5 8 8 10 0.664937 3 1 1 3 9 8 5 8 8 10 -0.962279 1 3 8 10 -0.011841 1 6 7 1 2 3 10 -0.450392 8 3 7 9 1 0 9 8 1 9 7 
1 3 5 0 10 0.889309 1 0 1 8 9 0 7 9 0 5 8 10 0.551103 10 -0.529740 5 10 -0.775719 9 10 -0.301309 8 3 6 7 7 3 4 3 8 7 10 0.355754 3 5 9 6 10 -0.481429 1 9 6 
1 4 7 10 0.704947 5 10 0.972839 8 8
1 4 7 6 8 
1 1 3 7 6 5 10 0.259041 7 8 8 
1 1 3 7 6 5 10 0.259041 7 8 81 0 8 0 8 0 4 6 1 8 9 3 1 6 9 2 6 10 0.466048 0 5 3 8 9 6 5 8 3 6 1 6 10 0.031526 3 9 10 -0.130009 2 1 0 0 7 10 0.799554 9 9 4 1 5 6 8 6 3 7 8 3 0 9 10 -0.014985 7 
1 0 8 0 8 0 4 6 1 8 9 3 1 6 9 2 6 10 0.466048 0 5 3 8 9 6 5 8 3 6 1 6 10 0.031526 3 9 10 -0.130009 2 1 0 0 7 10 0.799554 9 9 4 1 5 6 8 6 3 7 8 3 0 9 10 -0.014985 7 
8 
1 1 5 1 0 8 9 5 8 10 -0.993896 9 0 2 7 10 -0.955596 2 7 8 0 0 10 0.239662 7 3 9 7 2 4 4 8 9 1 8 8 3 2 8 7 4 7 10 0.316782 5 4 1 0 9 6 4 7 9 3 4 9 10 0.660970 5 6 9 9 4 2 1 8 9 2 9 6 5 3 8 10 0.242958 2 8 8 4 10 -0.173193 6 2 9 4 2 6 8 4 10 -0.956053 6 
5 3 4 2 2 9 7 10 -0.558000 2 7 2 6 8 0 5 4 6 6 0 6 9 0 8 8 5 4 6 10 0.173132 1 10 -0.558000 7 3 9 10 -0.603442 2 4 1 5 6 9 8 1 9 6 2 3 6 7 3 8 8 1 4 1 9 9 3 8 8 3 3 8 7 3 9 0 8 6 2 5 5 5 7 7 8 0 6 10 -0.121494 5 8 7 7 3 9 0 8 6 4 5 6 10 0.713401 7 2 7 9 4 0 3 7 10 0.652760 2 8 6 2 2 9 10 0.979095 2 10 -0.038789 7 
5 3 4 2 2 9 7 10 -0.558000 2 7 2 6 8 0 5 4 6 6 0 6 9 0 8 8 5 4 6 10 0.173132 1 10 -0.558000 7 3 9 10 -0.603442 2 4 1 5 6 9 8 1 9 6 2 3 6 7 3 8 8 1 4 1 9 9 3 8 8 3 3 8 7 3 9 0 8 6 2 5 5 5 7 7 8 0 6 10 -0.121494 5 8 7 7 3 9 0 8 6 4 5 6 10 0.713401 7 2 7 9 4 0 3 7 10 0.652760 2 8 6 2 2 9 10 0.979095 2 10 -0.038789 7 
5 3 10 -0.603442 0 5 4 6 6 0 6 9 0 8 8 5 4 6 10 0.173132 1 10 -0.558000 7 3 9 10 -0.603442 2 4 2 7 2 6 8 2 3 6 7 3 4 2 7 10 -0.558000 10 -0.121494 8 1 4 1 9 9 3 8 8 3 3 8 7 1 6 7 2 5 5 5 7 7 3 10 -0.603442 0 5 4 6 6 0 6 9 0 8 8 5 4 6 5 4 6 10 0.173132 7 7 1 10 -0.558000 7 3 9 10 -0.603442 0 6 10 -0.121494 5 8 7 7 3 9 0 8 6 4 5 9 10 0.713401 7 2 7 9 4 0 3 7 10 0.652760 7 2 2 9 10 0.979095 2 10 -0.038789 7 
5 3 10 -0.603442 0 5 4 6 6 0 6 9 0 8 8 5 4 6 10 0.173132 1 10 -0.558000 7 3 9 10 -0.603442 2 4 2 7 2 6 8 2 3 6 7 3 4 2 7 10 -0.558000 10 -0.121494 8 1 4 1 9 9 3 8 8 3 3 8 7 1 6 7 2 5 5 5 7 7 3 10 -0.603442 0 5 4 6 6 0 6 9 0 8 8 5 4 6 5 4 6 10 0.173132 7 7 1 10 -0.558000 7 3 9 10 -0.603442 0 6 10 -0.121494 5 8 7 7 3 9 0 8 6 4 5 9 10 0.713401 7 2 7 9 4 0 3 7 10 0.652760 7 2 2 9 10 0.979095 2 10 -0.038789 7 
2 1 3 0 2 1 6 9 3 9 9 2 4 8 8 0 7 7 2 2 3 6 6 3 8 10 -0.306528 3 3 6 9 3 7 8 0 4 0 1 6 8 0 6 9 4 5 6 6 8 4 8 6 4 2 4 9 10 -0.464949 0 10 0.817866 9 5 2 10 0.691824 6 3 6 10 -0.236641 4 10 -0.127689 9 5 1 3 0 5 6 7 7 0 8 8 0 3 6 9 4 9 9 5 1 1 6 9 0 7 7 2 3 6 8 0 8 9 5 0 7 9 3 6 10 -0.089694 1 9 10 -0.809259 5 2 4 2 6 10 0.964354 0 10 0.162267 7 3 2 10 0.706656 9 2 7 7 1 2 4 10 -0.329447 6 1 9 7 3 2 9 7 0 9 7 0 4 3 9 8 3 8 6 0 1 7 7 1 7 9 0 1 3 0 7 9 2 10 0.264626 9 4 4 6 7 1 6 8 4 1 5 6 10 -0.060121 8 5 10 -0.064150 8 9 5 1 6 10 -0.321543 4 9 6 2 10 0.297067 6 
2 1 3 0 2 1 6 9 3 9 9 2 4 8 8 0 7 7 2 2 3 6 6 3 8 10 -0.306528 3 3 6 9 3 7 8 0 4 0 1 6 8 0 6 9 4 5 6 6 8 4 8 6 4 2 4 9 10 -0.464949 0 10 0.817866 9 5 2 10 0.691824 6 3 6 10 -0.236641 4 10 -0.127689 9 5 1 3 0 5 6 7 7 0 8 8 0 3 6 9 4 9 9 5 1 1 6 9 0 7 7 2 3 6 8 0 8 9 5 0 7 9 3 6 10 -0.089694 1 9 10 -0.809259 5 2 4 2 6 10 0.964354 0 10 0.162267 7 3 2 10 0.706656 9 2 7 7 1 2 4 10 -0.329447 6 1 9 7 3 2 9 7 0 9 7 0 4 3 9 8 3 8 6 0 1 7 7 1 7 9 0 1 3 0 7 9 2 10 0.264626 9 4 4 6 7 1 6 8 4 1 5 6 10 -0.060121 8 5 10 -0.064150 8 9 5 1 6 10 -0.321543 4 9 6 2 10 0.297067 6 
1 1 0 5 1 2 7 8 1 7 6 5 4 10 -0.519364 9 1 9 6 4 10 -0.557787 9 1 5 6 7 6 2 8 10 0.181555 2 1 9 10 -0.951048 4 6 6 0 4 1 0 9 7 4 10 -0.153417 6 0 0 6 9 5 9 7 9 0 3 3 7 9 5 6 6 8 3 4 7 8 0 8 8 0 4 4 5 0 6 7 5 10 -0.444166 7 8 4 10 -0.013123 8 1 2 10 0.758171 9 5 7 10 -0.770898 10 -0.338206 1 0 3 6 10 0.160680 3 6 6 5 1 8 6 0 8 10 0.032929 1 7 6 0 1 5 0 9 10 -0.161107 5 7 8 9 2 7 10 0.886776 1 4 9 9 2 9 8 5 4 5 6 9 6 2 6 8 1 4 10 0.204047 9 1 6 7 2 3 9 6 5 6 10 0.143223 9 
4 0 3 2 7 2 4 8 9 5 6 10 -0.157750 7 3 0 2 8 9 5 9 9 9 10 0.883511 5 4 4 1 8 8 2 9 8 2 2 10 0.613300 9 5 8 7 8 2 4 0 9 10 0.669698 5 9 7 10 0.767296 0 1 8 6 5 8 7 8 1 5 0 8 6 1 9 3 2 8 9 7 5 9 8 10 0.591540 7 2 1 1 1 4 8 9 0 8 10 -0.654042 2 1 6 10 -0.744011 0 8 9 1 4 0 7 9 1 9 8 2 2 0 2 8 9 5 9 9 9 7 5 6 6 6 0 0 2 0 7 7 3 10 -0.289712 8 2 0 7 7 3 10 -0.289712 8 3 1 1 8 9 2 9 7 2 5 7 7 10 -0.197333 1 10 0.846492 9 
4 0 3 2 7 2 4 8 9 5 6 10 -0.157750 7 3 0 2 8 9 5 9 8 9 10 0.883511 5 4 0 8 10 -0.654042 2 2 10 0.613300 9 5 8 7 8 2 4 10 0.591540 5 9 7 10 0.767296 0 1 8 6 5 8 7 8 1 5 0 8 10 -0.097476 1 9 3 2 8 9 7 5 9 8 10 0.591540 7 2 1 1 1 4 8 9 0 8 10 -0.654042 2 1 6 10 -0.744011 0 8 9 1 4 0 7 9 1 9 8 2 2 0 2 8 9 5 9 9 9 6 5 6 6 6 0 0 2 0 7 7 3 10 -0.289712 8 2 0 7 7 3 10 -0.289712 10 0.591540 3 1 1 8 9 2 9 7 2 5 7 7 10 -0.197333 1 10 0.846492 9 
4 0 3 2 7 2 4 8 9 5 6 10 -0.157750 7 3 0 2 8 9 5 9 9 9 10 0.883511 5 4 4 1 8 8 2 9 8 2 2 10 0.613300 9 5 8 7 8 2 4 0 9 10 0.669698 5 9 7 10 0.767296 0 1 8 6 5 8 7 8 1 5 0 8 10 -0.097476 1 9 3 2 8 9 7 5 9 9 10 0.591540 7 2 1 1 1 4 8 9 0 8 10 -0.654042 2 1 6 10 -0.744011 0 8 9 1 4 0 7 9 1 9 8 2 2 0 2 8 9 5 9 9 9 6 5 6 6 6 0 0 2 0 7 7 3 10 -0.289712 8 2 0 7 7 3 10 -0.289712 10 0.591540 3 1 1 8 9 2 9 7 10 -0.289712 
4 0 3 2 7 2 4 8 9 5 6 10 -0.157750 7 3 0 2 8 9 5 9 9 9 10 0.883511 5 4 4 1 8 8 2 9 8 2 2 10 0.613300 9 5 8 7 8 2 4 0 9 10 0.669698 5 9 7 10 0.767296 0 1 8 6 5 8 7 8 1 5 0 8 10 -0.097476 1 9 3 2 8 9 7 5 9 8 10 0.591540 7 2 1 1 1 4 8 9 0 8 10 -0.654042 2 1 6 10 -0.744011 0 8 9 1 4 0 7 9 1 9 8 2 2 0 2 8 9 5 9 9 9 6 5 6 6 6 0 0 2 0 7 7 3 10 -0.289712 8 2 0 3 10 -0.289712 8 7 3 10 -0.289712 10 0.591540 3 1 1 8 9 2 9 7 10 -0.289712 
4 0 3 2 7 2 4 8 9 5 6 10 -0.157750 7 3 0 2 8 9 5 9 9 9 10 0.883511 5 4 0 8 10 -0.654042 2 2 10 0.613300 9 5 8 7 8 2 4 10 0.591540 5 9 7 10 0.767296 0 1 8 6 5 8 7 8 1 5 0 8 10 -0.097476 1 9 3 2 8 9 7 5 9 8 10 0.591540 7 2 1 1 1 4 8 9 0 8 10 -0.654042 2 1 6 10 -0.744011 0 8 9 1 4 0 7 9 1 9 8 2 2 0 2 8 9 5 9 9 9 6 5 6 6 6 0 0 2 0 7 7 7 2 0 7 7 3 10 -0.289712 10 0.591540 3 1 1 8 9 2 9 7 2 5 7 7 10 -0.197333 1 10 0.846492 9 
4 0 3 2 7 2 4 8 9 5 6 10 -0.157750 7 3 0 2 8 9 5 9 9 9 10 0.883511 5 4 4 1 8 8 2 9 8 2 2 10 0.613300 9 5 8 7 8 2 4 0 9 10 0.669698 5 9 7 10 0.767296 0 1 8 6 5 8 7 8 1 5 0 8 10 -0.097476 1 9 3 2 8 9 7 5 9 8 10 0.591540 7 2 1 1 1 4 8 9 0 8 10 -0.654042 2 1 6 10 -0.744011 0 8 9 1 4 0 7 9 1 9 7 2 2 0 2 8 9 5 9 9 9 6 5 6 6 6 0 0 2 0 7 7 3 10 -0.289712 8 2 0 7 7 3 10 -0.289712 10 0.591540 3 1 1 8 9 2 9 7 10 -0.289712 
4 0 3 2 7 2 4 8 9 5 6 10 -0.157750 8 3 0 2 8 9 5 9 9 9 10 0.883511 5 4 4 1 8 8 2 9 8 2 2 10 0.613300 9 5 8 7 8 2 4 0 9 10 0.669698 5 9 7 10 0.767296 0 1 8 6 5 8 7 8 1 5 0 8 10 -0.097476 1 9 3 2 8 9 7 5 9 8 10 0.591540 7 2 1 1 1 4 8 9 0 8 10 -0.654042 2 1 6 10 -0.744011 0 8 9 1 4 0 7 9 1 9 8 2 2 0 2 8 9 5 9 9 9 6 5 6 6 6 0 0 2 0 7 7 3 10 -0.289712 8 2 0 7 7 3 10 -0.289712 10 0.591540 3 1 1 8 9 2 9 7 10 -0.289712 
4 0 3 2 7 2 4 8 9 5 6 10 -0.157750 7 3 9 10 0.883511 5 4 4 1 8 8 2 9 8 2 2 10 0.613300 9 5 8 7 8 2 4 0 9 10 0.669698 5 9 7 10 0.767296 0 1 8 6 5 8 7 8 1 5 0 8 10 -0.097476 1 9 3 2 8 9 7 5 9 8 10 0.591540 7 2 1 1 1 4 8 9 0 8 10 -0.654042 2 1 6 10 -0.744011 0 8 9 1 4 0 7 9 1 9 8 2 2 0 2 8 9 5 9 9 9 6 5 6 6 6 0 0 2 0 7 7 3 10 -0.289712 8 2 0 7 7 3 10 -0.289712 10 0.591540 3 1 1 8 9 2 9 7 10 -0.289712 
4 0 3 2 7 2 4 8 9 5 6 10 -0.157750 7 3 0 2 8 9 5 9 9 9 10 0.883511 5 4 0 8 10 -0.654042 2 2 10 0.613300 9 5 8 7 8 2 4 10 0.591540 5 0 2 8 9 5 9 9 9 7 10 0.767296 0 1 8 6 5 8 7 8 1 5 0 8 10 -0.097476 1 9 3 2 8 9 7 5 9 8 10 0.591540 7 2 1 1 1 4 8 9 0 8 10 -0.654042 2 1 6 10 -0.744011 0 8 9 1 4 0 7 9 1 9 8 2 2 0 2 8 9 5 9 9 9 6 5 6 6 6 0 0 2 0 7 7 3 10 -0.289712 8 2 0 7 7 3 10 -0.289712 10 0.591540 3 1 1 8 9 2 9 7 2 5 7 7 10 -0.197333 1 10 0.846492 9 
4 0 3 2 7 2 4 8 9 5 6 10 -0.157750 7 3 0 2 8 9 5 9 9 9 10 0.883511 5 4 0 8 10 -0.654042 2 2 10 0.613300 9 5 8 7 8 2 4 10 0.591540 5 9 7 10 0.767296 0 1 8 6 5 8 7 8 1 5 0 8 10 -0.097476 1 9 3 2 8 9 7 5 9 8 10 0.591540 7 2 1 1 1 4 8 9 0 8 10 -0.654042 2 1 6 10 -0.744011 0 8 9 1 4 05 1 2 1 3 4 9 10 0.140141 2 10 -0.166845 8 3 1 8 8 4 7 6 3 2 3 7 9 4 10 -0.915067 8 2 4 6 7 3 8 10 0.636616 3 4 0 5 10 0.161473 9 10 0.148167 4 10 -0.034059 7 0 3 10 -0.099765 9 3 7 3 6 8 0 1 3 9 10 0.014100 1 9 8 0 7 4 7 7 5 10 -0.166845 2 0 8 4 3 9 7 1 8 10 -0.991241 0 4 4 10 0.057192 7 4 9 6 2 0 8 8 2 10 -0.435560 6 4 5 1 3 10 -0.668691 6 3 6 8 4 2 6 6 3 7 7 1 5 10 -0.391797 10 0.272164 7 5 6 10 -0.068514 7 2 1 2 9 6 3 7 10 0.706351 0 7 8 4 1 3 4 5 9 6 7 2 6 6 0 5 8 8 9 5 9 8 10 0.320719 0 4 10 -0.068514 5 9 7 6 2 4 9 7 3 8 2 2 2 10 -0.505600 10 0.254860 10 0.254860 1 8 6 5 5 4 0 9 6 4 10 0.942106 6 0 4 8 10 -0.687185 1 7 9 2 5 8 8 8 5 9 9 7 0 1 5 9 10 -0.013733 8 0 7 7 2 4 10 -0.377056 8 3 6 9 4 4 0 4 3 10 -0.134098 7 5 9 7 6 2 7 3 8 2 2 10 -0.505600 10 0.254860 1 8 6 0 7 7 0 0 2 4 6 7 3 8 10 0.636616 9 3 6 6 
5 1 2 1 3 4 9 10 0.140141 2 10 -0.166845 8 3 1 8 8 4 7 6 3 2 3 7 9 4 10 -0.915067 8 2 4 6 7 3 8 10 0.636616 3 4 0 5 10 0.161473 9 10 0.148167 4 10 -0.034059 7 0 3 10 -0.099765 9 3 7 10 -0.891964 0 1 3 9 10 0.014100 1 9 8 0 7 4 7 7 5 10 -0.166845 2 0 8 4 3 9 7 1 8 10 -0.991241 0 4 4 10 0.057192 7 4 9 6 2 0 8 8 2 10 -0.435560 6 4 5 1 3 10 -0.668691 6 3 6 8 4 2 6 6 3 7 7 1 5 10 -0.391797 10 0.272164 7 5 6 10 -0.068514 7 2 1 2 9 6 3 7 10 0.706351 0 7 8 4 1 3 4 5 9 6 7 2 6 6 0 5 4 9 10 0.140141 8 9 5 9 8 10 0.320719 0 4 10 -0.068514 5 9 7 6 2 4 9 7 3 8 2 2 2 10 -0.505600 10 0.254860 10 0.254860 1 8 6 5 5 4 0 9 6 4 10 0.942106 6 0 4 8 10 -0.687185 1 7 9 2 5 8 8 8 5 9 9 7 0 1 5 9 10 -0.013733 8 0 7 7 2 4 10 -0.377056 8 3 6 9 4 4 0 4 3 10 -0.134098 7 5 9 7 6 2 7 3 8 2 2 10 -0.505600 10 0.254860 1 8 6 0 7 7 0 0 2 4 6 7 3 8 10 0.636616 9 3 6 6 
5 1 2 1 3 8 2 10 -0.166845 8 3 1 8 8 4 7 6 3 2 3 7 9 4 10 -0.915067 8 2 4 6 7 3 8 10 0.636616 3 4 0 5 10 0.161473 9 10 0.148167 4 10 -0.034059 7 0 3 10 -0.099765 9 3 7 10 -0.891964 0 1 3 9 10 0.014100 1 9 8 0 7 4 7 7 5 10 -0.166845 2 0 8 4 3 9 7 1 8 10 -0.991241 0 4 4 10 0.057192 7 4 9 6 2 0 8 8 2 10 -0.435560 6 4 5 1 3 10 -0.668691 6 3 6 8 4 2 6 6 3 7 7 1 5 10 -0.391797 10 0.272164 7 5 6 10 -0.068514 7 2 1 2 9 6 3 7 10 0.706351 0 7 8 4 1 3 4 5 9 6 7 2 6 6 0 5 8 8 9 5 9 8 10 0.320719 0 4 10 -0.068514 5 9 7 6 2 4 9 7 3 8 2 2 2 10 -0.505600 10 0.254860 10 0.254860 1 8 6 5 5 4 0 9 6 4 10 0.942106 6 0 4 8 10 -0.687185 1 7 9 2 5 8 8 8 5 9 9 7 0 1 5 9 10 -0.013733 8 0 7 7 2 4 10 -0.377056 8 3 6 9 4 4 0 4 3 10 -0.134098 7 5 9 7 6 2 7 3 8 2 2 10 -0.505600 10 0.254860 1 8 6 0 7 7 0 0 2 4 6 7 3 8 10 0.636616 9 3 6 6 
5 1 2 1 3 4 9 10 0.140141 2 10 -0.166845 8 3 1 8 8 4 7 6 3 2 3 7 9 4 6 8 2 4 6 7 3 8 10 0.636616 3 4 0 5 10 0.161473 9 10 0.148167 4 10 -0.034059 7 0 3 10 -0.099765 9 3 7 10 -0.891964 0 1 3 9 10 0.014100 1 9 8 0 7 4 7 7 5 10 -0.166845 2 0 8 4 3 9 7 1 8 10 -0.991241 0 4 4 10 0.057192 6 4 9 6 2 0 8 8 2 10 -0.435560 6 4 5 1 3 10 -0.668691 6 3 6 8 4 2 6 6 3 7 7 1 5 10 -0.391797 10 0.272164 7 5 6 10 -0.068514 7 2 6 0 7 8 4 7 5 5 4 0 9 6 4 10 0.942106 6 0 4 8 10 -0.687185 1 7 9 2 5 8 8 8 5 9 9 7 0 1 5 9 10 -0.013733 8 0 7 7 2 4 10 -0.377056 8 3 6 4 10 0.057192 6 4 4 0 4 3 10 -0.134098 7 5 9 7 6 2 7 3 8 2 2 10 -0.505600 10 0.254860 1 8 6 0 7 7 0 0 2 4 6 7 3 8 10 0.636616 9 3 6 6 
5 1 2 1 3 4 9 10 0.140141 2 10 -0.166845 8 3 1 8 8 4 7 6 3 2 3 7 9 4 10 -0.915067 8 2 4 6 7 3 8 10 0.636616 3 4 0 5 10 0.161473 9 10 0.148167 4 10 -0.034059 7 0 3 10 -0.099765 9 3 7 10 -0.891964 0 1 3 9 10 0.014100 1 9 8 0 7 4 7 7 5 10 -0.166845 2 0 8 4 3 9 7 1 8 10 -0.991241 0 4 4 10 0.057192 10 -0.915067 4 9 6 2 0 8 8 2 10 -0.435560 6 4 5 1 3 10 -0.668691 6 3 6 8 4 2 6 6 3 7 7 1 5 10 -0.391797 10 0.272164 7 5 6 10 -0.068514 7 2 6 0 7 8 4 7 5 5 4 0 9 6 4 10 0.942106 6 0 4 8 10 -0.687185 1 7 9 2 5 8 8 8 5 9 9 7 0 1 5 9 10 -0.013733 8 0 7 7 2 4 10 -0.377056 8 3 6 4 10 0.057192 6 4 4 0 4 3 10 -0.134098 7 5 9 7 6 2 7 3 8 2 2 10 -0.505600 10 0.254860 1 8 6 0 7 7 0 0 2 4 6 7 3 8 10 0.636616 9 3 6 6 
5 1 2 1 3 4 9 10 0.140141 2 10 -0.166845 8 3 1 8 8 4 7 6 3 2 3 7 9 4 10 -0.915067 8 2 4 6 7 3 8 10 0.636616 3 4 0 5 10 0.161473 9 10 0.148167 4 10 -0.034059 7 0 3 10 -0.099765 9 3 7 10 -0.891964 0 1 3 9 10 0.014100 1 91 1 3 4 3 6 6 4 8 10 0.580157 1 2 10 0.610767 7 4 7 6 5 1 2 9 10 -0.271462 0 8 6 3 2 9 9 3 10 -0.269204 7 5 2 7 10 -0.185186 3 8 10 -0.504776 1 10 -0.019227 6 2 1 5 2 7 8 4 7 7 4 8 9 2 2 6 7 0 9 8 5 1 2 9 9 0 6 10 0.287362 5 4 8 6 5 6 10 -0.215644 6 2 9 7 2 3 6 7 0 7 9 
1 1 6 5 1 2 9 10 -0.271462 0 8 6 3 2 9 9 3 10 -0.269204 7 5 2 7 10 -0.185186 3 8 10 -0.504776 1 10 -0.019227 6 2 1 5 2 7 8 4 7 7 4 8 9 2 2 6 7 0 9 8 5 1 2 9 9 0 6 10 0.287362 5 4 8 6 5 6 10 -0.215644 6 2 9 7 2 3 6 7 0 7 9 
1 1 3 4 3 6 6 4 8 10 0.580157 1 10 -0.215644 4 7 6 5 1 2 9 10 -0.271462 0 8 6 3 2 9 9 3 10 -0.269204 7 5 2 7 10 -0.185186 3 8 10 -0.504776 1 10 -0.019227 6 2 1 5 2 7 8 4 7 7 4 8 9 2 2 6 7 0 9 8 5 1 2 9 9 0 6 10 0.287362 5 4 8 6 5 6 10 -0.215644 6 2 9 7 2 3 6 7 0 7 9 
1 1 6 5 1 2 9 10 -0.271462 0 8 6 3 2 9 9 3 10 -0.269204 7 5 2 7 10 -0.185186 3 8 10 -0.504776 1 10 -0.019227 6 2 1 5 2 7 8 4 7 7 6 2 2 6 7 0 9 8 5 1 2 9 9 0 6 10 0.287362 5 4 8 6 5 6 10 -0.215644 6 2 9 7 2 3 6 7 0 7 9 
1 1 3 4 3 6 6 4 8 10 0.580157 1 10 -0.215644 4 7 6 5 7 3 2 9 9 3 10 -0.269204 7 5 2 7 10 -0.185186 3 8 10 -0.504776 1 10 -0.019227 6 2 1 5 2 7 8 4 7 7 4 8 9 2 2 6 7 0 9 8 5 1 2 9 9 0 6 10 0.287362 5 4 8 6 5 6 10 -0.215644 6 2 9 7 2 3 6 7 0 7 9 
1 1 6 5 1 2 9 10 -0.271462 0 8 6 3 2 9 9 3 10 -0.269204 7 5 2 7 10 -0.185186 3 8 10 -0.504776 1 10 -0.019227 6 2 1 5 2 7 8 4 7 7 6 2 2 6 7 0 9 8 5 1 2 9 9 0 9 3 8 7 5 4 8 6 5 6 10 -0.215644 0 8 6 2 9 7 2 3 6 7 0 7 9 
1 1 3 4 3 6 6 4 8 10 0.580157 1 10 -0.215644 4 7 6 5 7 3 2 9 9 3 10 -0.269204 7 5 2 7 10 -0.185186 3 8 10 -0.504776 1 10 -0.019227 6 2 1 5 2 7 8 4 7 7 4 8 9 2 2 6 7 0 9 8 2 9 10 -0.271462 
1 1 3 4 3 6 6 4 8 10 0.580157 1 10 -0.215644 4 7 6 5 7 3 2 9 9 3 10 -0.269204 7 5 2 7 10 -0.185186 3 8 10 -0.504776 1 10 -0.019227 6 2 1 5 2 7 8 4 7 7 4 8 9 2 2 6 7 0 9 8 2 9 10 -0.271462 
1 1 3 4 3 6 6 4 8 10 0.580157 1 10 -0.215644 4 9 6 5 7 3 2 9 9 3 10 -0.269204 7 5 2 7 10 -0.185186 3 8 10 -0.504776 1 10 -0.019227 6 2 1 5 2 7 8 4 7 7 4 8 9 2 2 6 7 0 9 8 2 9 10 -0.271462 
1 1 3 4 3 6 6 4 8 10 0.580157 1 10 -0.215644 4 9 6 5 7 3 2 9 9 3 10 -0.269204 7 5 2 7 10 -0.185186 3 8 10 -0.504776 1 10 -0.019227 6 2 1 5 2 7 8 4 7 7 4 8 9 2 2 6 7 0 9 8 2 9 10 -0.271462 
1 1 3 4 3 6 6 4 8 10 0.580157 1 10 -0.215644 4 9 6 5 7 3 2 9 9 3 10 -0.269204 7 5 2 7 10 -0.185186 3 8 10 -0.504776 1 10 -0.019227 6 2 1 5 2 7 8 2 9 10 -0.271462 4 8 9 2 2 6 7 0 9 8 2 9 10 -0.271462 
1 1 3 4 3 6 6 4 6 10 0.580157 1 10 -0.215644 4 9 6 5 7 3 2 9 9 3 10 -0.269204 7 5 2 7 10 -0.185186 3 8 10 -0.504776 1 10 -0.019227 6 2 1 5 2 7 8 4 7 7 4 8 9 2 2 6 7 0 9 8 2 9 10 -0.271462 
1 1 3 4 3 6 6 4 6 10 0.580157 1 10 -0.215644 4 9 6 5 7 3 2 9 9 3 10 -0.269204 7 5 2 7 10 -0.185186 3 8 10 -0.504776 1 10 -0.019227 6 2 1 5 2 7 8 4 7 7 4 8 9 2 2 6 7 0 9 8 2 9 10 -0.271462 
1 1 3 4 3 6 6 4 6 10 0.580157 1 10 -0.215644 4 10 -0.019227 6 5 7 3 2 9 9 3 10 -0.269204 7 5 2 7 10 -0.185186 3 8 10 -0.504776 1 10 -0.019227 6 2 1 5 2 7 8 4 7 7 4 8 9 2 2 6 7 0 9 8 2 9 10 -0.271462 
1 1 3 4 3 6 6 4 6 10 0.580157 1 10 -0.215644 4 10 -0.019227 6 5 7 3 2 9 9 3 10 -0.269204 7 5 2 7 10 -0.185186 3 8 4 1 6 3 8 9 5 3 6 7 0 6 10 -0.112247 8 1 10 -0.019227 6 2 1 5 2 7 8 4 7 7 4 8 9 2 2 6 7 0 9 8 2 9 10 -0.271462 
1 1 3 4 3 6 6 4 6 10 0.580157 1 10 -0.215644 4 10 -0.019227 6 5 7 3 2 9 9 3 10 -0.269204 7 5 2 7 10 -0.185186 3 8 4 1 6 3 8 9 5 3 6 7 0 6 10 -0.112247 6 1 10 -0.019227 6 2 1 5 2 7 8 4 7 7 4 8 9 2 2 6 7 0 9 8 2 9 10 -0.271462 
1 1 3 4 3 6 6 4 6 10 0.580157 1 10 -0.215644 4 10 -0.019227 6 5 7 3 2 9 9 3 10 -0.269204 7 7 2 1 5 2 7 8 4 7 7 4 8 9 2 2 6 7 0 9 8 2 9 10 -0.271462 
1 1 3 4 3 6 6 4 6 10 0.580157 1 10 -0.215644 4 10 -0.019227 6 5 7 3 2 9 9 3 10 -0.269204 7 7 2 1 5 2 7 8 4 7 7 4 8 9 2 2 6 7 0 9 8 2 9 10 -0.271462 
1 1 3 4 3 6 6 4 6 10 0.580157 1 10 -0.215644 4 10 -0.019227 6 5 7 3 2 9 9 3 10 -0.269204 7 7 2 1 5 2 7 3 10 -0.269204 7 4 7 7 4 8 9 2 2 6 7 0 9 8 2 9 10 -0.271462 
1 1 3 4 3 6 6 4 6 10 0.580157 1 10 -0.215644 4 10 -0.019227 6 5 7 3 2 9 9 3 10 -0.269204 7 7 2 1 5 9 4 7 7 4 8 9 2 2 6 7 0 9 8 2 9 10 -0.271462 
1 1 3 4 3 6 6 4 6 10 0.580157 1 10 -0.215644 4 10 -0.019227 6 5 7 3 2 9 9 3 10 -0.269204 7 7 2 1 5 9 4 7 7 4 8 9 2 2 6 7 0 9 8 2 9 10 -0.271462 
1 1 3 4 3 6 6 4 6 10 0.580157 1 10 -0.215644 4 4 3 6 6 4 6 10 0.580157 6 5 7 3 2 9 9 3 10 -0.269204 7 7 2 1 5 9 4 7 7 4 8 9 2 2 6 7 0 9 8 2 9 10 -0.271462 
1 1 3 4 3 6 6 4 6 10 0.580157 1 10 -0.215644 4 4 3 6 6 4 6 10 0.580157 6 5 7 3 2 9 9 3 10 -0.269204 7 7 2 1 5 9 4 7 7 4 8 9 2 2 6 7 0 9 8 2 9 10 -0.271462 
1 1 3 4 3 6 6 4 6 10 0.580157 1 10 -0.215644 4 4 3 6 6 4 7 10 0.580157 6 5 7 3 2 9 9 3 10 -0.269204 7 7 2 1 5 9 4 7 7 4 8 9 2 2 6 7 0 9 8 2 9 10 -0.271462 
1 1 3 4 3 6 6 4 6 10 0.580157 1 10 -0.215644 4 4 3 6 6 4 7 10 0.580157 6 5 7 3 2 9 9 3 10 -0.269204 7 7 2 1 5 9 4 7 7 4 8 9 2 2 6 7 0 9 8 2 9 10 -0.271462 
1 1 3 10 0.580157 1 10 -0.215644 4 4 3 6 6 4 7 10 0.580157 6 5 7 3 2 9 9 3 10 -0.269204 7 7 2 1 5 9 4 7 7 4 8 9 2 2 6 7 0 9 8 2 9 10 -0.271462 
1 1 3 10 0.580157 1 10 -0.215644 4 4 3 6 6 4 7 10 0.580157 6 5 7 3 2 9 9 3 10 -0.269204 7 7 2 1 5 9 4 7 7 4 8 9 2 2 6 7 0 9 8 2 9 10 -0.271462 
1 1 3 4 3 6 6 4 6 7 1 10 -0.215644 4 4 3 6 6 4 7 10 0.580157 6 5 7 3 2 9 9 3 10 -0.269204 7 7 2 1 5 9 1 3 10 0.580157 1 10 -0.215644 4 4 3 6 6 4 7 10 0.580157 6 5 7 3 2 9 9 3 10 -0.269204 7 7 4 8 9 2 2 6 7 0 9 8 2 9 10 -0.271462 
1 1 3 4 3 6 6 4 6 7 1 10 -0.215644 4 4 3 6 6 4 7 10 0.580157 6 5 7 3 2 9 9 3 10 -0.269204 7 7 2 1 5 9 1 3 10 0.580157 1 10 -0.215644 4 4 3 6 6 4 7 10 0.580157 6 5 7 3 2 9 9 3 10 -0.269204 7 7 4 8 9 2 2 6 7 0 9 8 2 9 10 -0.271462 
1 1 3 4 3 6 6 4 6 7 1 10 -0.215644 4 4 3 6 6 4 7 10 0.580157 6 5 7 3 2 9 9 3 10 -0.269204 7 5 7 3 2 9 9 3 10 -0.269204 7 7 2 1 5 9 1 3 10 0.580157 1 10 -0.215644 4 4 3 6 6 4 7 10 0.580157 6 5 7 3 2 9 9 3 10 -0.269204 7 7 4 8 9 2 2 6 7 0 9 8 2 9 10 -0.271462 
1 3 6 6 2 1 5 9 4 7 7 9 2 2 6 7 0 9 8 2 9 10 -0.271462 
1 1 3 4 3 6 6 4 6 7 1 10 -0.215644 4 4 3 6 6 4 7 10 0.580157 6 5 7 3 2 9 9 3 10 -0.269204 7 7 2 1 5 9 1 3 10 0.580157 1 10 -0.215644 4 4 3 6 6 4 7 10 0.580157 6 5 7 3 2 9 9 3 10 -0.269204 7 7 4 8 9 2 2 6 7 0 9 8 2 9 10 -0.271462 
1 1 3 4 3 6 6 4 6 7 1 10 -0.215644 4 4 3 6 6 4 7 10 0.580157 6 5 7 3 2 9 9 3 10 -0.269204 7 7 2 1 5 9 1 3 10 0.580157 1 10 -0.215644 4 4 3 6 6 4 7 10 0.580157 6 5 7 3 2 9 9 3 10 -0.269204 7 7 4 8 9 2 2 6 7 0 9 7 2 9 10 -0.271462 
1 1 3 4 3 6 6 4 6 7 1 10 -0.215644 4 4 3 6 6 4 7 10 0.580157 6 5 7 3 2 9 9 3 10 -0.269204 7 7 2 1 5 9 1 3 10 0.580157 1 10 -0.215644 4 4 3 6 6 4 7 10 0.580157 6 5 7 3 2 9 9 3 10 -0.269204 7 8 4 8 9 2 2 6 7 0 9 8 2 9 10 -0.271462 
1 1 3 4 3 6 6 4 6 7 1 10 -0.215644 4 4 3 6 6 4 7 10 0.580157 6 5 7 3 2 9 9 3 10 -0.269204 7 7 2 1 5 9 1 3 10 0.580157 1 4 7 10 0.580157 4 4 3 6 6 4 7 10 0.580157 6 5 7 3 2 9 9 3 10 -0.269204 7 7 4 8 9 2 2 6 7 0 9 8 2 9 10 -0.271462 
1 1 3 4 3 6 6 4 6 7 1 10 -0.215644 4 4 3 6 6 10 -0.215644 6 5 7 3 2 9 9 3 10 -0.269204 7 7 2 1 5 9 1 3 10 0.580157 1 10 -0.215644 4 4 3 6 6 4 7 10 0.580157 6 5 7 3 2 9 9 3 10 -0.269204 7 7 4 8 9 2 2 6 7 0 9 8 2 9 10 -0.271462 
1 1 10 -0.271462 5 7 3 2 9 9 3 10 -0.269204 7 7 2 1 5 9 1 3 10 0.580157 1 10 -0.215644 4 4 3 6 6 4 7 10 0.580157 6 5 7 3 2 9 9 3 10 -0.269204 7 7 4 8 9 2 2 6 7 0 9 8 2 9 10 -0.271462 
1 3 6 6 2 1 5 9 4 7 7 9 2 2 6 7 0 9 8 2 9 3 4 3 6 6 4 6 7 1 10 -0.215644 4 4 3 6 6 4 7 10 0.580157 6 
1 3 6 6 2 1 5 9 4 7 7 9 2 2 7 7 0 9 8 2 9 10 -0.271462 
1 1 3 4 3 6 6 4 6 7 1 10 -0.215644 4 4 3 6 6 4 7 10 0.580157 6 5 6 3 2 9 9 3 10 -0.269204 7 7 2 1 5 9 1 3 10 0.580157 1 10 -0.215644 4 4 3 6 6 4 7 10 0.580157 6 5 7 3 2 9 9 3 10 -0.269204 7 7 4 8 9 2 2 6 7 0 9 8 2 9 10 -0.271462 
4 1 0 3 5 10 0.874966 8 6 5 8 8 7 2 1 9 9 1 10 0.570544 7 5 1 5 10 -0.979095 6 7 2 7 10 0.124516 2 1 7 10 -0.525071 5 6 6 10 0.800073 2 5 7 7 8 4 6 7 2 2 4 4 7 9 1 6 6 2 3 10 0.799493 6 4 9 7 0 1 2 9 9 4 6 6 5 4 6 7 4 10 -0.637959 8 1 6 9 
4 1 0 3 7 5 8 8 7 2 1 9 9 1 10 0.570544 7 5 1 5 10 -0.979095 6 7 2 7 10 0.124516 2 1 7 10 -0.525071 5 6 6 10 0.800073 2 5 7 7 8 4 6 7 2 2 4 4 7 9 1 6 6 2 3 10 0.799493 6 4 9 7 0 1 2 9 9 4 6 6 5 4 6 7 4 10 -0.637959 8 1 6 9 
4 1 0 3 5 10 0.874966 8 7 5 8 8 7 2 1 9 9 1 10 0.570544 7 5 1 5 10 -0.979095 6 7 2 7 10 0.124516 2 1 7 10 -0.525071 5 6 6 10 0.800073 2 5 7 7 8 4 6 7 2 2 4 4 7 9 1 6 6 2 3 10 0.799493 6 4 9 7 0 1 2 9 9 4 6 6 5 4 6 7 4 10 -0.637959 8 1 6 9 
4 1 0 3 7 5 8 8 7 2 1 9 9 1 10 0.570544 7 5 1 5 6 6 7 2 7 10 0.124516 2 1 7 10 -0.525071 5 6 6 10 0.800073 2 5 7 7 8 4 6 7 2 2 4 4 7 9 1 6 6 2 3 10 0.799493 6 4 9 7 0 1 2 9 9 4 6 6 5 4 6 7 4 10 -0.637959 8 1 6 9 
4 1 0 3 7 5 8 8 7 2 1 9 9 1 10 0.570544 7 5 1 5 10 -0.979095 6 7 2 7 10 0.124516 2 1 7 10 -0.525071 5 6 6 10 0.800073 2 5 7 7 8 4 7 7 2 2 4 4 7 9 1 6 6 2 3 10 0.799493 6 4 9 7 0 1 2 9 9 4 6 6 5 4 6 7 4 10 -0.637959 8 1 6 9 
4 1 0 3 7 5 8 9 7 2 1 9 9 1 10 0.570544 7 5 1 5 10 -0.979095 6 7 2 7 10 0.124516 2 1 7 10 -0.525071 5 6 6 10 0.800073 2 5 7 7 8 4 6 7 2 2 4 4 9 9 1 6 6 2 3 10 0.799493 6 4 9 7 0 1 2 9 9 4 6 6 5 4 6 7 4 10 -0.637959 8 1 6 9 
4 1 0 3 7 5 8 8 7 2 1 9 9 1 10 0.570544 7 5 1 5 10 -0.979095 6 7 2 7 10 0.124516 2 1 7 10 -0.525071 5 6 6 10 0.800073 2 5 7 7 8 4 7 7 2 2 5 1 5 10 -0.979095 6 7 2 7 10 0.124516 2 1 7 10 -0.525071 5 6 6 10 0.800073 2 5 7 7 8 4 6 7 2 3 10 0.799493 6 4 9 7 0 1 2 9 9 4 6 6 5 4 6 7 4 10 -0.637959 8 1 6 9 
4 1 0 3 7 5 8 8 7 2 1 9 9 1 10 0.570544 7 5 1 5 10 -0.979095 6 7 2 7 10 0.124516 2 1 7 10 -0.525071 5 6 6 10 0.800073 2 5 7 7 8 4 7 7 2 2 5 1 5 10 -0.979095 6 7 2 7 10 0.124516 2 1 7 10 -0.525071 5 6 6 10 0.800073 2 5 7 7 8 4 6 7 2 3 10 0.799493 6 4 9 7 0 1 2 9 9 4 6 6 5 4 6 7 4 10 -0.637959 8 1 6 9 
4 1 0 3 7 5 8 8 7 2 1 9 9 1 10 0.570544 7 5 1 5 10 -0.979095 6 7 2 7 10 0.124516 2 1 7 10 -0.525071 5 6 6 10 0.800073 2 5 7 7 8 4 7 7 1 0 3 7 5 8 8 7 2 1 9 9 1 10 0.570544 7 5 1 5 10 -0.979095 6 7 2 7 10 0.124516 2 1 7 10 -0.525071 5 6 6 10 0.800073 2 5 7 7 8 4 7 7 
4 1 0 3 7 5 8 8 7 2 1 9 9 1 10 0.570544 7 5 1 5 10 -0.979095 6 7 2 7 10 0.124516 2 1 7 10 -0.525071 5 6 6 10 0.800073 2 5 7 7 8 4 7 7 1 0 3 7 5 8 8 7 2 1 9 9 1 10 0.570544 7 5 1 5 10 -0.979095 6 7 2 7 10 0.124516 2 1 7 10 -0.525071 5 6 6 10 0.800073 2 5 7 7 8 4 7 7 
4 1 0 3 7 5 8 8 7 2 1 9 9 1 10 0.570544 7 5 1 5 10 -0.979095 6 7 2 7 10 0.124516 2 1 7 10 -0.525071 5 6 6 10 0.800073 2 5 7 7 8 4 7 7 1 0 3 7 5 8 8 7 2 1 9 9 1 10 0.570544 7 5 1 5 10 -0.979095 6 7 2 7 10 0.124516 2 1 7 10 -0.525071 5 6 6 10 0.800073 2 5 7 7 8 4 7 7 
4 1 0 3 7 5 8 8 7 2 1 9 9 1 10 0.570544 7 5 1 5 10 -0.979095 6 7 2 7 10 0.124516 2 1 7 10 -0.525071 5 6 6 10 0.800073 2 5 7 7 8 4 7 7 1 0 3 7 5 8 8 7 2 1 9 9 1 10 0.570544 7 5 1 5 10 -0.979095 6 7 2 7 10 0.124516 2 1 7 10 -0.525071 9 2 5 7 7 8 4 7 7 
4 1 0 3 7 5 8 8 7 2 1 9 9 1 10 0.570544 7 5 1 5 10 -0.979095 6 7 2 7 10 0.124516 5 7 7 8 2 5 7 7 8 4 7 7 1 0 3 7 5 8 8 7 2 1 9 9 1 10 0.570544 7 5 1 5 10 -0.979095 6 7 2 7 10 0.124516 2 1 7 10 -0.525071 5 6 6 10 0.800073 2 5 7 7 8 4 7 7 
4 1 0 3 7 5 8 8 7 2 1 9 9 1 10 0.570544 7 5 1 5 10 -0.979095 6 7 2 7 10 0.124516 5 7 7 8 2 5 7 7 8 4 7 7 1 0 3 7 5 8 8 7 2 1 9 9 1 1 9 9 7 5 1 5 10 -0.979095 6 7 2 7 10 0.124516 2 1 7 10 -0.525071 5 6 6 10 0.800073 2 5 7 7 8 4 7 7 
4 1 0 3 7 5 8 8 7 2 1 9 9 1 10 0.570544 7 5 1 5 10 -0.979095 6 7 2 7 10 0.124516 5 7 7 8 2 5 7 7 8 4 7 7 1 0 3 7 5 8 8 7 2 1 9 9 1 10 0.570544 7 5 1 5 10 -0.979095 6 7 2 7 10 0.124516 2 1 7 10 -0.525071 5 6 6 10 0.800073 2 5 7 7 8 4 7 7 
4 1 0 3 7 5 8 8 7 2 1 9 9 1 10 0.570544 7 5 1 5 10 -0.979095 6 7 2 7 10 0.124516 5 7 7 8 2 5 7 7 8 4 7 7 1 0 3 7 5 8 8 7 2 1 9 9 1 10 0.570544 7 5 1 5 10 -0.979095 6 7 2 7 10 0.124516 8 2 5 7 7 8 4 7 7 
4 1 0 3 7 5 8 8 7 2 1 9 9 1 10 0.570544 7 5 1 5 10 -0.979095 6 7 2 7 10 0.124516 5 7 7 8 2 5 7 7 8 4 7 7 1 0 3 7 5 8 8 7 2 1 9 9 1 10 0.570544 7 5 1 5 10 -0.979095 6 7 2 7 10 0.124516 8 2 5 7 7 8 4 7 7 
4 1 0 3 7 5 8 8 7 2 1 9 9 1 10 0.570544 7 5 1 5 10 -0.979095 6 7 2 7 10 0.124516 5 7 7 8 2 5 7 7 8 4 7 7 1 0 3 7 5 8 8 7 2 1 9 9 1 10 0.570544 7 5 1 5 10 -0.979095 6 7 2 7 10 0.124516 8 2 5 7 7 8 4 7 7 
4 1 0 3 7 5 8 8 7 2 1 9 9 1 10 0.570544 7 5 1 5 10 -0.979095 6 7 2 7 10 0.124516 5 7 7 8 2 5 7 7 8 4 7 7 1 0 3 7 5 8 8 7 2 1 9 9 1 10 0.570544 7 5 1 5 10 -0.979095 6 7 2 7 8 8 2 5 7 7 8 4 7 7 
4 1 0 3 7 5 8 8 7 2 1 9 9 1 10 0.570544 7 5 1 5 10 -0.979095 6 7 2 7 10 0.124516 5 7 7 8 2 5 7 7 8 4 7 7 1 0 3 7 5 8 8 7 2 1 9 9 1 10 0.570544 7 5 1 5 10 -0.979095 6 7 2 7 8 8 2 5 7 7 8 4 7 7 
4 1 0 3 7 5 8 8 7 2 1 9 9 1 10 0.570544 7 5 1 5 10 -0.979095 6 7 2 7 10 0.124516 5 7 7 8 2 5 7 7 8 4 7 7 1 0 3 7 5 7 8 7 2 1 9 9 1 10 0.570544 7 5 1 5 10 -0.979095 6 7 2 7 1 0 3 7 5 7 8 7 2 1 9 9 1 10 0.570544 7 5 1 5 10 -0.979095 6 7 2 7 10 0.124516 8 2 5 7 7 8 4 7 7 8 2 5 7 7 8 4 7 7 
4 1 0 3 7 5 8 8 7 2 1 9 9 1 10 0.570544 7 5 1 5 10 -0.979095 6 7 2 7 10 0.124516 5 7 7 8 2 5 7 7 8 4 7 7 1 0 3 7 5 7 8 7 2 1 9 9 1 10 0.570544 7 5 1 5 10 -0.979095 6 7 2 7 1 0 3 7 5 7 8 7 2 1 9 9 1 10 0.570544 7 5 1 5 10 -0.979095 6 7 2 7 10 0.124516 8 2 5 7 7 8 4 7 7 8 2 5 7 7 8 4 7 7 
4 1 0 3 7 5 8 8 7 2 1 9 9 1 10 0.570544 7 5 1 5 10 -0.979095 6 7 2 7 10 0.124516 5 7 7 6 2 5 7 7 8 4 7 7 1 0 3 7 5 7 8 7 2 1 9 9 1 10 0.570544 7 5 1 5 10 -0.979095 6 7 2 7 1 0 3 7 5 7 8 7 2 1 9 9 1 10 0.570544 7 5 1 5 10 -0.979095 6 7 2 7 10 0.124516 8 2 5 7 7 8 4 7 7 8 2 5 7 7 8 4 7 7 
4 1 0 3 7 5 8 8 7 2 1 9 9 1 10 0.570544 7 5 1 5 10 -0.979095 6 7 2 7 10 0.124516 5 7 7 8 2 5 7 7 8 4 7 7 1 0 3 7 5 7 8 7 2 1 9 9 1 10 0.570544 7 5 1 5 10 -0.979095 6 7 2 7 1 0 3 7 5 7 8 7 2 1 9 9 1 10 0.570544 7 5 1 5 10 -0.979095 6 7 2 7 10 0.124516 8 2 5 7 7 10 -0.979095 4 7 7 8 2 5 7 7 8 4 7 7 
4 1 0 3 7 5 8 8 7 2 1 9 9 1 10 0.570544 7 5 1 5 10 -0.979095 6 7 2 7 10 0.124516 5 7 7 8 2 5 7 7 8 4 7 7 1 0 3 7 5 7 8 7 2 1 9 9 1 10 0.570544 7 5 1 5 10 -0.979095 6 7 2 7 1 0 3 7 5 7 8 7 2 1 9 9 1 10 0.570544 7 5 1 5 10 -0.979095 6 7 2 7 10 0.124516 8 2 5 7 7 10 -0.979095 4 7 7 8 2 5 7 7 8 4 7 7 
4 1 0 3 7 5 8 8 7 2 1 9 9 1 10 0.570544 7 5 1 5 10 -0.979095 6 7 2 7 10 0.124516 5 7 7 8 2 5 7 7 8 4 7 7 1 0 3 7 5 7 8 7 2 1 9 9 1 10 0.570544 7 5 1 5 10 -0.979095 6 7 2 7 1 0 3 7 5 7 8 7 2 1 9 9 1 10 0.570544 7 5 1 5 10 -0.979095 6 7 2 7 10 0.124516 8 2 5 7 7 10 -0.979095 4 7 7 8 2 5 7 7 8 4 7 7 
4 1 0 3 7 5 8 8 7 2 1 9 9 1 10 0.570544 7 5 1 5 10 -0.979095 6 7 2 7 10 0.124516 5 7 7 8 2 5 7 7 8 4 7 7 1 0 3 7 5 7 8 7 2 1 9 9 1 10 0.570544 7 5 1 5 10 -0.979095 6 7 2 7 1 0 3 7 5 7 8 7 2 1 9 9 1 10 0.570544 7 5 1 5 10 -0.979095 6 7 2 7 10 0.124516 8 2 5 7 7 10 -0.979095 4 7 7 8 2 5 7 7 8 4 7 7 
4 1 0 3 7 5 8 8 7 2 1 9 9 1 10 0.570544 7 5 1 5 10 -0.979095 6 7 2 7 10 0.124516 5 7 7 8 2 5 7 7 8 4 7 7 1 0 3 7 5 7 8 7 2 1 9 9 1 10 0.570544 7 5 1 5 10 -0.979095 6 7 2 7 1 0 3 7 5 7 8 7 2 1 9 9 1 7 7 5 1 5 10 -0.979095 6 7 2 7 10 0.124516 8 2 5 7 7 10 -0.979095 4 7 7 8 2 5 7 7 8 4 7 7 
4 1 0 3 7 5 8 8 7 2 1 9 9 1 10 0.570544 7 5 1 5 10 -0.979095 6 7 2 7 10 0.124516 5 7 7 8 2 5 4 7 7 7 8 4 7 7 1 0 3 7 5 7 8 7 2 1 9 9 1 10 0.570544 7 5 1 5 10 -0.979095 6 7 2 7 1 0 3 7 5 7 8 7 2 1 9 9 1 10 0.570544 7 5 1 5 10 -0.979095 6 7 2 7 10 0.124516 8 2 5 7 7 10 -0.979095 4 7 7 8 2 5 7 7 8 4 7 7 
4 1 0 3 7 5 8 8 7 2 1 9 9 1 10 0.570544 7 5 1 5 10 -0.979095 6 7 2 7 10 0.124516 5 7 7 8 2 5 7 7 8 4 7 7 1 0 3 7 5 7 8 7 2 1 9 9 1 10 0.570544 7 5 1 5 10 -0.979095 6 7 2 7 1 0 3 7 5 7 8 7 2 1 9 9 1 10 0.570544 7 5 1 5 10 -0.979095 6 7 2 7 10 0.124516 8 2 5 7 7 10 -0.979095 4 7 7 8 2 5 7 7 8 4 7 7 
4 6 1 0 3 7 5 7 8 7 2 1 9 9 1 10 0.570544 7 5 1 7 2 7 1 0 3 7 5 7 8 7 2 1 9 9 1 10 0.570544 7 5 1 5 10 -0.979095 6 7 2 7 10 0.124516 8 2 0 3 7 5 7 8 7 2 1 9 9 1 10 0.570544 1 9 9 7 8 2 5 7 7 8 4 7 7 
4 1 0 3 7 5 8 8 7 2 1 9 9 1 10 0.570544 7 5 1 5 10 -0.979095 6 7 2 7 10 0.124516 5 7 7 8 2 5 7 7 8 4 7 7 1 0 3 7 5 7 8 7 2 1 9 9 1 10 0.570544 7 5 1 5 10 -0.979095 6 7 2 7 1 0 3 7 5 7 8 7 2 1 9 9 1 10 0.570544 7 5 1 5 10 -0.979095 6 7 2 7 10 0.124516 8 2 5 7 7 10 -0.979095 4 7 7 8 2 5 7 7 8 4 7 7 
4 6 10 0.570544 
4 6 1 0 3 7 7 2 1 9 9 1 10 0.570544 7 5 1 7 2 7 1 0 3 7 5 7 8 7 2 1 9 9 1 10 0.570544 7 5 1 5 10 -0.979095 6 7 2 7 10 0.124516 8 2 0 3 7 5 7 8 7 2 1 9 9 1 10 0.570544 1 9 9 7 8 2 5 7 7 8 4 7 7 
4 1 0 3 7 5 8 8 7 2 1 9 9 1 10 0.570544 7 5 1 5 10 -0.979095 6 7 2 7 10 0.124516 5 7 7 8 2 5 7 5 7 8 7 8 4 7 7 1 0 3 7 5 7 8 7 2 1 9 9 1 10 0.570544 7 5 1 5 10 -0.979095 6 7 2 7 1 0 3 7 5 7 8 7 2 1 9 9 1 10 0.570544 7 5 1 5 10 -0.979095 6 7 2 7 10 0.124516 8 2 5 7 7 10 -0.979095 4 7 7 8 2 5 7 7 8 4 7 7 
4 1 0 3 7 5 8 8 7 2 1 9 9 1 10 0.570544 7 5 1 5 10 -0.979095 6 7 2 7 10 0.124516 5 7 7 8 2 5 7 7 8 4 7 7 1 0 3 7 5 7 8 7 2 1 9 9 1 2 7 10 0.124516 7 5 1 5 10 -0.979095 6 7 2 7 1 0 3 7 5 7 8 7 2 1 9 9 1 10 0.570544 7 5 1 5 10 -0.979095 6 7 2 7 10 0.124516 8 2 5 7 7 10 -0.979095 4 7 7 8 2 5 7 7 8 4 7 7 
4 1 0 3 7 5 8 8 7 2 1 9 9 1 10 0.570544 7 5 1 5 10 -0.979095 6 7 10 0.570544 5 7 7 8 2 5 7 7 8 4 7 7 1 0 3 7 5 7 8 7 2 1 9 9 1 10 0.570544 7 5 1 5 10 -0.979095 6 7 2 7 1 0 3 7 5 7 8 7 2 1 9 9 1 10 0.570544 7 5 1 5 10 -0.979095 6 7 2 7 10 0.124516 8 2 5 7 7 10 -0.979095 4 7 7 8 2 5 7 7 8 4 7 7 
4 6 1 0 3 7 5 7 8 7 2 1 9 9 8 5 1 7 2 7 1 0 3 7 5 7 8 7 2 1 9 9 1 10 0.570544 7 5 1 5 10 -0.979095 6 7 2 7 10 0.124516 8 2 0 3 7 5 7 8 7 2 1 9 9 1 10 0.570544 1 9 9 7 8 2 5 7 7 8 4 7 7 
4 6 1 0 3 7 5 7 8 7 2 1 9 9 1 10 0.570544 7 5 1 7 2 7 1 0 3 7 5 7 8 7 2 1 9 9 1 10 0.570544 7 5 1 5 10 -0.979095 6 7 2 7 10 0.124516 8 2 0 3 7 5 7 1 10 0.570544 7 7 2 1 9 9 1 10 0.570544 1 9 9 7 8 2 5 7 7 8 4 7 7 
4 6 1 0 3 7 5 7 8 7 2 1 9 9 1 10 0.570544 7 5 1 7 2 7 1 0 3 7 5 7 8 7 2 1 9 9 1 10 0.570544 7 5 1 5 10 -0.979095 6 7 2 7 10 0.124516 8 2 0 3 7 5 7 8 7 2 1 9 9 1 2 7 10 0.124516 1 9 9 7 8 2 5 7 7 8 4 7 7 
4 0 3 2 1 4 7 6 0 10 -0.197485 9 2 4 8 9 5 6 10 -0.157750 7 3 0 2 8 9 5 9 9 9 4 2 6 9 5 9 8 10 0.883511 5 4 4 1 8 8 2 9 8 2 2 10 0.613300 9 5 8 7 8 2 4 0 9 10 0.669698 5 9 7 10 0.767296 0 1 8 6 5 8 7 8 1 5 0 8 10 -0.097476 1 9 8 5 9 8 10 0.591540 0 2 7 6 0 6 8 2 1 1 1 4 8 9 0 8 10 -0.654042 2 1 6 10 -0.744011 0 8 9 1 4 0 7 9 1 9 8 2 2 9 6 5 6 6 6 0 0 2 0 7 7 3 10 -0.289712 8 4 1 6 9 3 8 7 3 1 1 8 7 2 9 7 2 5 7 7 10 -0.197333 1 10 0.846492 10 -0.108127 
4 0 3 2 1 4 7 6 0 10 -0.197485 9 2 4 8 9 5 6 10 -0.157750 7 3 0 2 8 9 5 9 9 9 4 2 6 9 5 9 8 10 0.883511 5 4 4 1 8 8 2 9 8 2 2 10 0.613300 9 5 8 7 8 2 4 0 9 10 0.669698 5 9 7 10 0.767296 0 1 8 6 5 8 7 8 1 5 0 8 10 -0.097476 1 9 8 5 9 8 10 0.591540 0 2 7 6 0 6 8 2 1 1 1 4 8 9 0 8 10 -0.654042 2 1 6 10 -0.744011 0 8 9 1 4 0 7 9 1 9 8 2 2 9 6 5 6 6 6 0 0 2 0 7 7 3 10 -0.289712 8 4 1 6 9 3 8 7 3 1 1 8 7 2 9 7 2 5 7 7 10 -0.197333 1 10 0.846492 10 -0.108127 
4 0 3 2 1 4 7 6 0 10 -0.197485 9 2 4 8 9 5 6 10 -0.157750 7 3 0 2 8 9 5 9 9 9 4 2 6 9 5 9 8 10 0.883511 5 4 4 1 8 8 2 9 8 2 2 10 0.613300 9 5 8 7 8 2 4 0 9 10 0.669698 5 9 7 10 0.767296 0 1 8 6 5 8 7 8 1 5 0 8 10 -0.097476 1 9 8 5 9 8 10 0.591540 0 2 7 6 0 6 8 2 1 1 1 4 8 9 0 8 10 -0.654042 2 1 6 10 -0.744011 0 8 9 1 4 0 7 9 1 9 8 2 2 9 6 5 6 6 6 0 0 2 0 7 7 3 10 -0.289712 8 4 1 6 9 3 2 8 9 7 3 1 1 8 7 2 9 7 2 5 7 7 10 -0.197333 1 10 0.846492 10 -0.108127 
4 0 3 2 1 4 7 6 0 10 -0.197485 9 2 4 8 9 5 6 10 -0.157750 7 3 0 2 8 9 5 9 9 9 4 2 6 9 5 9 8 10 0.883511 5 4 4 1 8 8 2 9 8 2 2 10 0.613300 9 5 8 7 8 2 4 0 9 10 0.669698 5 9 7 10 0.767296 0 1 8 6 5 8 7 8 1 5 0 8 10 -0.097476 1 9 8 5 9 8 10 0.591540 0 2 7 6 0 6 8 2 1 1 1 4 8 9 0 8 10 -0.654042 2 1 6 10 -0.744011 0 8 9 1 4 0 7 9 1 9 8 2 2 9 6 5 6 6 6 0 0 2 0 7 7 3 10 -0.289712 8 4 1 6 9 3 2 8 9 7 3 1 1 8 7 2 9 7 2 5 7 7 10 -0.197333 1 10 0.846492 10 -0.108127 
4 0 3 2 7 2 4 8 9 5 6 10 -0.157750 7 3 0 2 8 9 5 9 9 9 4 2 6 9 5 9 8 10 0.883511 5 4 4 1 8 8 2 9 8 2 2 10 0.613300 9 5 8 7 8 2 4 0 9 10 0.669698 5 9 7 10 0.767296 0 1 8 6 5 8 7 8 1 5 0 8 10 -0.097476 1 9 8 5 9 8 10 0.591540 0 2 7 6 0 6 8 2 1 1 1 4 8 9 0 8 10 -0.654042 2 1 6 10 -0.744011 0 8 9 1 4 0 7 9 1 9 8 2 2 9 6 5 6 6 6 0 0 2 0 7 7 3 10 -0.289712 8 4 1 6 9 3 8 7 3 1 1 8 7 2 9 7 2 5 7 7 10 -0.197333 1 10 0.846492 10 -0.108127 
4 0 3 2 7 2 4 8 9 5 6 10 -0.157750 7 3 0 2 8 9 5 9 9 9 4 2 6 9 5 9 8 10 0.883511 5 4 4 1 8 8 2 9 8 2 2 10 0.613300 9 5 8 7 8 2 4 0 9 10 0.669698 5 9 7 10 0.767296 0 1 8 6 5 8 7 8 1 5 0 8 10 -0.097476 1 9 8 5 9 8 10 0.591540 0 2 7 6 0 6 8 2 1 1 1 4 8 9 0 8 10 -0.654042 2 1 6 10 -0.744011 0 8 9 1 4 0 7 9 1 9 8 2 2 9 6 5 6 6 6 0 0 2 0 7 7 3 10 -0.289712 8 4 1 6 9 3 8 7 3 1 1 8 7 2 9 7 2 5 7 7 10 -0.197333 1 10 0.846492 10 -0.108127 
4 0 3 2 7 2 4 8 9 5 6 10 -0.157750 7 3 0 2 8 9 5 9 9 9 4 2 6 9 5 9 8 10 0.883511 5 4 4 1 8 8 2 9 8 2 2 10 0.613300 9 5 8 7 8 2 4 0 9 10 0.669698 5 9 7 10 0.767296 0 1 8 6 5 8 7 8 1 5 0 8 10 -0.097476 1 9 3 2 8 9 7 5 9 8 10 0.591540 0 2 7 6 0 6 8 2 1 1 1 4 8 9 0 8 10 -0.654042 2 1 6 10 -0.744011 0 8 9 1 4 0 7 9 1 9 8 2 2 9 6 5 6 6 6 0 0 2 0 7 7 3 10 -0.289712 8 4 1 6 9 3 8 7 3 1 1 8 7 2 9 7 2 5 7 7 10 -0.197333 1 10 0.846492 10 -0.108127 
4 0 3 2 7 2 4 8 9 5 6 10 -0.157750 7 3 0 2 8 9 5 9 9 9 4 2 6 9 5 9 8 10 0.883511 5 4 4 1 8 8 2 9 8 2 2 10 0.613300 9 5 8 7 8 2 4 0 9 10 0.669698 5 9 7 10 0.767296 0 1 8 6 5 8 7 8 1 5 0 8 10 -0.097476 1 9 8 5 9 8 10 0.591540 0 2 7 6 0 6 8 2 1 1 1 4 8 9 0 8 10 -0.654042 2 1 6 10 -0.744011 0 8 9 1 4 0 7 9 1 9 8 2 2 9 6 5 6 6 6 0 0 2 0 7 7 3 10 -0.289712 8 4 1 6 9 3 8 7 3 1 9 2 9 7 2 5 7 7 10 -0.197333 1 10 0.846492 10 -0.108127 
4 0 3 2 7 2 4 8 9 5 6 10 -0.157750 7 3 0 2 8 9 5 9 9 9 4 2 6 9 5 9 8 10 0.883511 5 4 4 1 8 8 2 9 8 2 2 10 0.613300 9 5 8 7 8 2 4 0 9 10 0.669698 5 9 7 10 0.767296 0 1 8 6 5 8 7 8 1 5 0 8 10 -0.097476 1 9 8 5 9 8 10 0.591540 0 2 7 6 0 6 8 2 1 1 1 4 8 9 0 8 10 -0.654042 2 1 6 10 -0.744011 0 8 9 1 4 0 7 9 1 9 8 2 2 9 6 5 6 6 6 0 0 2 0 7 7 3 10 -0.289712 8 4 1 6 9 3 8 7 3 1 9 2 9 7 2 5 7 7 10 -0.197333 1 10 0.846492 10 -0.108127 
4 0 3 2 7 2 4 8 9 5 6 10 -0.157750 7 3 0 2 8 9 5 9 9 9 10 0.883511 5 4 4 1 8 8 2 9 8 2 2 10 0.613300 9 5 8 7 8 2 4 0 9 10 0.669698 5 9 7 10 0.767296 0 1 8 6 5 8 7 8 1 5 0 8 10 -0.097476 1 9 3 2 8 9 7 5 9 8 10 0.591540 0 2 7 6 0 6 8 2 1 1 1 4 8 9 0 8 10 -0.654042 2 1 6 10 -0.744011 0 8 9 1 4 0 7 9 1 9 8 2 2 9 6 5 6 6 6 0 0 2 0 7 7 3 10 -0.289712 8 4 1 6 9 3 8 7 3 1 1 8 2 10 0.613300 9 2 9 7 2 5 7 7 10 -0.197333 1 10 0.846492 10 -0.108127 
4 0 3 2 7 2 4 8 9 5 6 10 -0.157750 7 3 0 2 8 9 5 9 9 9 10 0.883511 5 4 4 1 8 8 2 9 8 2 2 10 0.613300 9 5 8 7 8 2 4 0 9 10 0.669698 5 9 7 10 0.767296 0 1 8 6 5 8 7 8 1 5 0 8 10 -0.097476 1 9 3 2 8 9 7 5 9 8 10 0.591540 0 2 7 6 0 6 8 2 1 1 1 4 8 9 0 8 10 -0.654042 2 1 6 10 -0.744011 0 8 9 1 4 0 7 9 1 9 8 2 2 9 6 5 6 6 6 0 0 2 0 7 7 3 10 -0.289712 8 4 1 6 9 3 8 7 3 1 1 8 2 10 0.613300 9 2 9 7 2 5 7 7 10 -0.197333 1 10 0.846492 10 -0.108127 
4 0 3 2 7 2 4 8 9 5 6 10 -0.157750 7 3 0 2 8 9 5 9 9 9 10 0.883511 5 4 4 1 8 8 2 9 8 2 2 10 0.613300 9 5 8 7 8 2 4 0 9 10 0.669698 5 9 7 10 0.767296 0 1 8 6 5 8 7 8 1 5 0 8 10 -0.097476 1 9 3 2 8 9 7 5 9 8 10 0.591540 0 2 7 6 0 6 9 2 1 1 1 4 8 9 0 8 10 -0.654042 2 1 6 10 -0.744011 0 8 9 1 4 0 7 9 1 9 8 2 2 9 6 5 6 6 6 0 0 2 0 7 7 3 10 -0.289712 8 4 1 6 9 3 8 7 3 1 1 8 2 10 0.613300 9 2 9 7 2 5 7 7 10 -0.197333 1 10 0.846492 10 -0.108127 
4 0 3 2 7 2 4 8 9 5 6 10 -0.157750 7 3 0 2 8 9 5 9 9 9 10 0.883511 5 4 4 1 8 8 2 9 8 2 2 10 0.613300 9 5 8 7 8 2 4 0 9 10 0.669698 5 9 7 10 0.767296 0 1 8 6 5 8 7 8 1 5 0 8 10 -0.097476 1 9 3 2 8 9 7 5 9 8 10 0.591540 0 2 7 6 0 6 9 2 1 1 1 4 8 9 0 8 10 -0.654042 2 1 6 10 -0.744011 0 8 9 1 4 0 7 9 1 9 8 2 2 9 6 5 6 6 6 0 0 2 0 7 7 3 10 -0.289712 8 4 1 6 9 3 8 7 3 1 1 8 2 10 0.613300 9 2 9 7 2 5 7 7 10 -0.197333 1 10 0.846492 10 -0.108127 
4 0 3 2 7 2 4 8 9 5 6 10 -0.157750 7 3 0 2 8 9 5 9 9 9 10 0.883511 5 4 4 1 8 8 2 9 8 2 2 10 0.613300 9 5 8 7 8 2 4 0 9 10 0.669698 5 9 4 8 9 10 0.767296 0 1 8 6 5 8 7 8 1 5 0 8 10 -0.097476 1 9 3 2 8 9 7 5 9 8 10 0.591540 0 2 7 6 0 6 9 2 1 1 1 4 8 9 0 8 10 -0.654042 2 1 6 10 -0.744011 0 8 9 1 4 0 7 9 1 9 8 2 2 9 6 5 6 6 6 0 0 2 0 7 7 3 10 -0.289712 8 4 1 6 9 3 8 7 3 1 1 8 2 10 0.613300 9 2 9 7 2 5 7 7 10 -0.197333 1 10 0.846492 10 -0.108127 
4 0 3 2 7 2 4 8 9 5 6 10 -0.157750 7 3 0 2 8 9 5 9 9 9 10 0.883511 5 4 4 1 8 8 2 9 8 2 2 10 0.613300 9 5 8 7 8 2 4 0 9 10 0.669698 5 9 7 10 0.767296 0 1 8 6 5 8 7 8 1 5 0 8 10 -0.097476 1 9 3 2 8 9 7 5 9 8 10 0.591540 7 2 1 1 1 4 8 9 0 8 10 -0.654042 2 1 6 10 -0.744011 0 8 9 1 4 0 7 9 1 9 8 2 2 0 2 8 9 5 9 9 9 6 5 6 6 6 0 0 2 0 7 7 3 10 -0.289712 8 4 1 6 9 3 8 7 3 1 1 8 2 10 0.613300 9 2 9 7 2 5 7 7 10 -0.197333 1 10 0.846492 10 -0.108127 
4 0 3 2 7 2 4 8 9 5 6 10 -0.157750 7 3 0 2 8 9 5 9 9 9 10 0.883511 5 4 4 1 8 8 2 9 8 2 2 10 0.613300 9 5 8 7 8 2 4 0 9 10 0.669698 5 9 7 10 0.767296 0 1 8 6 5 8 7 8 1 5 0 8 10 -0.097476 1 9 3 2 8 9 7 5 9 8 10 0.591540 7 2 1 1 1 4 8 9 0 8 10 -0.654042 2 1 6 10 -0.744011 0 8 9 1 4 0 7 9 1 9 8 2 2 0 2 8 9 5 9 9 9 6 5 6 6 6 0 0 2 0 7 7 3 10 -0.289712 8 4 1 6 9 3 8 7 3 1 1 8 2 10 0.613300 9 2 9 7 2 5 7 7 10 -0.197333 1 10 0.846492 10 -0.108127 
4 0 3 2 7 2 4 8 9 5 6 10 -0.157750 7 3 0 2 8 9 5 9 9 9 10 0.883511 5 4 4 1 8 8 2 9 8 2 2 10 0.613300 9 5 8 7 8 2 4 0 9 10 0.669698 5 9 7 10 0.767296 0 1 8 6 5 8 7 8 1 5 0 8 10 -0.097476 1 9 3 2 8 9 7 5 9 8 10 0.591540 7 2 1 1 1 4 8 9 0 8 10 -0.654042 2 1 6 10 -0.744011 0 8 9 1 4 0 7 9 1 9 8 2 2 0 2 8 9 5 9 9 9 6 5 6 6 6 0 0 2 0 7 7 3 10 -0.289712 8 2 0 7 7 3 10 -0.289712 8 3 1 1 8 2 10 0.613300 9 2 9 7 2 5 7 7 10 -0.197333 1 10 0.846492 10 -0.108127 
4 0 3 2 7 2 4 8 9 5 6 10 -0.157750 7 3 0 2 8 9 5 9 9 9 10 0.883511 5 4 4 1 8 8 2 9 8 2 2 10 0.613300 9 5 8 7 8 2 4 0 9 10 0.669698 5 9 7 10 0.767296 0 1 8 6 5 8 7 8 1 5 0 8 10 -0.097476 1 9 3 2 8 9 7 5 9 8 10 0.591540 7 2 1 1 1 4 8 9 0 8 10 -0.654042 2 1 6 10 -0.744011 0 8 9 1 4 0 7 9 1 9 8 2 2 0 2 8 9 5 9 9 9 6 5 6 6 6 0 0 2 0 7 7 3 10 -0.289712 8 2 0 7 7 3 10 -0.289712 8 3 1 1 8 2 10 0.613300 9 2 9 7 2 5 7 7 10 -0.197333 1 10 0.846492 10 -0.108127 
4 0 3 2 7 2 4 8 9 5 6 10 -0.157750 7 3 0 2 8 9 5 9 9 9 10 0.883511 5 4 4 1 8 8 2 9 8 2 2 10 0.613300 9 5 8 7 8 2 4 0 9 10 0.669698 5 9 7 10 0.767296 0 1 8 6 5 8 7 8 1 5 0 4 8 9 10 -0.097476 1 9 3 2 8 9 7 5 9 8 10 0.591540 7 2 1 1 1 4 8 9 0 8 10 -0.654042 2 1 6 10 -0.744011 0 8 9 1 4 0 7 9 1 9 8 2 2 0 2 8 9 5 9 9 9 6 5 6 6 6 0 0 2 0 7 7 3 10 -0.289712 8 2 0 7 7 3 10 -0.289712 8 3 1 1 8 2 10 0.613300 9 2 9 7 2 5 7 7 10 -0.197333 1 10 0.846492 10 -0.108127 
4 0 3 2 7 2 4 8 9 5 6 10 -0.157750 7 3 0 2 8 9 5 9 9 9 10 0.883511 5 4 4 1 8 8 2 9 8 2 2 10 0.613300 9 5 8 7 8 2 4 0 9 10 0.669698 5 9 7 10 0.767296 0 1 8 6 5 8 7 8 1 5 0 8 10 -0.097476 1 9 3 2 8 9 7 5 9 8 10 0.591540 7 2 1 1 1 4 8 9 0 8 10 -0.654042 2 1 6 10 -0.744011 0 5 9 9 9 9 1 4 0 7 9 1 9 8 2 2 0 2 8 9 5 9 9 9 6 5 6 6 6 0 0 2 0 7 7 3 10 -0.289712 8 2 0 7 7 3 10 -0.289712 8 3 1 1 8 2 10 0.613300 9 2 9 7 2 5 7 7 10 -0.197333 1 10 0.846492 10 -0.108127 
4 0 3 2 7 2 4 8 9 5 6 10 -0.157750 7 3 0 2 8 9 5 9 9 9 10 0.883511 5 4 4 1 8 8 2 9 8 2 2 10 0.613300 9 5 8 7 8 2 4 0 9 10 0.669698 5 9 7 10 0.767296 0 1 8 6 5 8 7 8 1 5 0 8 10 -0.097476 1 9 3 2 8 9 7 5 9 8 10 0.591540 7 2 1 1 1 4 8 9 0 8 10 -0.654042 2 1 6 10 -0.744011 0 8 9 1 4 0 7 9 1 9 8 2 2 0 2 8 9 5 9 9 9 6 5 6 6 6 0 0 2 0 7 7 3 10 -0.289712 8 2 0 7 7 3 10 -0.289712 8 3 1 1 8 2 10 0.613300 9 2 9 7 2 5 7 7 10 -0.197333 1 10 0.846492 9 
4 0 3 2 7 2 4 8 9 5 6 10 -0.157750 7 3 0 2 8 9 5 9 9 9 10 0.883511 5 4 4 1 8 8 2 9 8 2 2 10 0.613300 9 5 8 7 8 2 4 0 9 10 0.669698 5 9 7 10 0.767296 0 1 8 6 5 8 7 8 1 5 0 8 10 -0.097476 1 9 3 2 8 9 7 5 9 8 10 0.591540 7 2 1 1 1 4 8 9 0 8 10 -0.654042 2 1 6 10 -0.744011 0 8 9 1 4 0 7 9 1 9 8 2 2 0 2 8 9 5 9 9 9 6 5 6 6 6 0 0 2 0 7 7 3 10 -0.289712 8 2 0 7 7 3 10 -0.289712 8 3 1 1 8 2 10 0.613300 9 2 9 7 2 5 7 7 10 -0.197333 1 10 0.846492 9 
4 0 3 2 7 2 4 8 9 5 6 10 -0.157750 7 3 0 2 8 9 5 9 9 9 10 0.883511 5 4 4 1 8 8 2 9 8 2 2 10 0.613300 9 5 8 7 8 2 4 0 9 10 0.669698 5 9 7 10 0.767296 0 1 7 6 5 8 7 8 1 5 0 8 10 -0.097476 1 9 3 2 8 9 7 5 9 8 10 0.591540 7 2 1 1 1 4 8 9 0 8 10 -0.654042 2 1 6 10 -0.744011 0 8 9 1 4 0 7 9 1 9 8 2 2 0 2 8 9 5 9 9 9 6 5 6 6 6 0 0 2 0 7 7 3 10 -0.289712 8 2 0 7 7 3 10 -0.289712 8 3 1 1 8 2 10 0.613300 9 2 9 7 2 5 7 7 10 -0.197333 1 10 0.846492 9 
4 0 3 2 7 2 4 8 9 5 6 10 -0.157750 7 3 0 2 8 9 5 9 9 9 10 0.883511 5 4 4 1 8 8 2 9 8 2 2 10 0.613300 9 5 8 7 8 2 4 0 9 10 0.669698 5 9 7 10 0.767296 0 1 8 6 5 8 7 8 1 5 0 8 10 -0.097476 1 9 3 2 8 9 7 5 9 8 10 0.591540 7 2 1 1 1 4 8 9 0 8 10 -0.654042 2 1 6 10 -0.744011 0 8 9 1 4 0 7 9 1 9 8 2 2 0 2 8 9 5 9 9 9 6 5 6 6 6 0 0 2 0 7 7 3 10 -0.289712 8 2 0 7 7 3 10 -0.289712 8 3 1 1 8 9 2 9 7 2 5 7 7 10 -0.197333 1 10 0.846492 9 
4 0 3 2 7 2 4 8 9 5 6 10 -0.157750 7 3 0 2 8 9 5 9 9 9 10 0.883511 5 4 4 1 8 8 2 9 8 2 2 10 0.613300 9 5 8 7 8 2 4 0 9 10 0.669698 5 9 7 10 0.767296 0 1 8 6 5 8 7 8 1 5 0 8 10 -0.097476 1 9 3 2 8 9 7 5 9 8 10 0.591540 7 2 1 1 1 4 8 9 0 8 10 -0.654042 2 1 6 10 -0.744011 0 8 9 1 4 0 7 9 1 9 8 2 2 0 2 8 9 5 9 9 9 6 5 6 6 6 0 0 2 0 7 7 3 10 -0.289712 8 2 0 7 7 3 10 -0.289712 8 3 1 1 8 9 2 9 7 2 5 7 7 10 -0.197333 1 10 0.846492 9 
4 0 3 2 7 2 4 8 9 5 6 8 7 3 0 2 8 9 5 9 9 9 10 0.883511 5 4 4 1 8 8 2 9 8 2 2 10 0.613300 9 5 8 7 8 2 4 0 9 10 0.669698 5 9 7 10 0.767296 0 1 8 6 5 8 7 8 1 5 0 8 10 -0.097476 1 9 3 2 8 9 7 5 9 8 10 0.591540 7 2 1 1 1 4 8 9 0 8 10 -0.654042 2 1 6 10 -0.744011 0 8 9 1 4 0 7 9 1 9 8 2 2 0 2 8 9 5 9 9 9 6 5 6 6 6 0 0 2 0 7 7 3 10 -0.289712 8 2 0 7 7 3 10 -0.289712 8 3 1 1 8 9 2 9 7 2 5 7 7 10 -0.197333 1 10 0.846492 9 
4 0 3 2 7 2 4 8 9 5 6 10 -0.157750 7 3 0 2 8 9 5 9 9 9 10 0.883511 5 4 4 1 8 8 2 9 8 2 2 10 0.613300 9 5 8 7 8 2 4 0 9 10 0.669698 5 9 7 10 0.767296 0 1 8 6 5 8 7 8 1 5 0 8 6 1 9 3 2 8 9 7 5 9 8 10 0.591540 7 2 1 1 1 4 8 9 0 8 10 -0.654042 2 1 6 10 -0.744011 0 8 9 1 4 0 7 9 1 9 8 2 2 0 2 8 9 5 9 9 9 6 5 6 6 6 0 0 2 0 7 7 3 10 -0.289712 8 2 0 7 7 3 10 -0.289712 8 3 1 1 8 9 2 9 7 2 5 7 7 10 -0.197333 1 10 0.846492 9 
4 0 3 2 7 2 4 8 9 5 6 10 -0.157750 7 3 0 2 8 9 5 9 9 9 10 0.883511 5 4 4 1 8 8 2 9 8 2 2 10 0.613300 9 5 8 7 8 2 4 0 9 10 0.669698 5 9 7 10 0.767296 0 1 8 6 5 8 7 8 1 5 0 8 10 -0.097476 1 9 3 2 8 9 7 5 9 8 10 0.591540 7 2 1 1 1 4 8 9 0 8 10 -0.654042 2 1 6 10 -0.744011 0 8 9 1 4 0 7 9 1 9 8 2 2 0 2 8 9 5 9 9 9 6 5 6 6 6 0 0 2 0 7 7 3 10 -0.289712 8 2 0 7 7 3 10 -0.289712 10 0.591540 3 1 1 8 9 2 9 7 10 -0.289712 
4 0 3 2 7 2 4 8 9 5 6 10 -0.157750 7 3 0 2 8 9 5 9 9 9 10 0.883511 5 4 4 1 8 8 2 9 8 2 2 10 0.613300 9 5 8 7 8 2 4 0 9 10 0.669698 5 9 7 10 0.767296 0 1 8 6 5 8 7 8 1 5 0 8 6 1 9 3 2 8 9 7 5 9 8 10 0.591540 7 2 1 1 1 4 8 9 0 8 10 -0.654042 2 1 6 10 -0.744011 0 8 9 1 4 0 7 9 1 9 8 2 2 0 2 8 9 5 9 9 9 7 5 6 6 6 0 0 2 0 7 7 3 10 -0.289712 8 2 0 7 7 3 10 -0.289712 8 3 1 1 8 9 2 9 7 2 5 7 7 10 -0.197333 1 10 0.846492 9 
0 3 7 8 2 0 8 2 10 -0.392773 6 0 7 6 
5 1 2 1 3 4 9 10 0.140141 2 10 -0.166845 8 3 1 8 8 4 7 6 3 2 3 7 9 4 10 -0.915067 8 2 4 6 7 3 8 10 0.636616 3 4 0 5 10 0.161473 9 10 0.148167 4 10 -0.034059 7 0 3 10 -0.099765 9 3 7 10 -0.891964 0 1 3 9 10 0.014100 1 9 8 0 4 7 9 4 7 7 5 1 5 5 2 7 10 0.845241 1 8 6 0 7 7 0 1 10 -0.435560 8 5 10 -0.848079 8 6 4 0 10 -0.479263 9 3 6 6 4 1 1 10 0.782647 7 2 10 -0.795526 9 0 1 6 6 0 8 8 2 0 8 4 3 9 7 1 8 10 -0.991241 0 4 4 10 0.057192 6 4 9 6 2 0 8 8 2 8 6 4 5 1 3 10 -0.668691 6 3 6 8 4 2 6 6 3 7 7 1 5 10 -0.391797 10 0.272164 7 5 6 10 -0.068514 7 2 4 0 8 8 3 7 7 5 2 8 8 2 7 8 3 10 -0.426649 9 4 1 3 4 5 9 6 7 2 6 6 0 5 8 8 9 5 9 8 10 0.320719 0 4 3 10 -0.134098 7 5 9 7 6 2 4 9 7 3 8 2 2 10 -0.505600 10 0.254860 1 8 6 5 5 4 0 9 6 4 10 0.942106 6 0 4 8 10 -0.687185 1 7 9 2 5 8 8 8 5 9 9 7 0 1 5 9 10 -0.013733 8 0 7 7 2 4 10 -0.377056 8 3 6 9 4 4 5 8 9 6 0 7 7 0 0 9 9 3 6 6 
5 1 2 1 3 4 9 10 0.140141 2 10 -0.166845 8 3 1 8 8 4 7 6 3 2 3 7 9 4 10 -0.915067 8 2 4 6 7 3 8 10 0.636616 3 4 0 5 10 0.161473 9 10 0.148167 4 10 -0.034059 7 0 3 10 -0.099765 9 3 7 10 -0.891964 0 1 3 9 10 0.014100 1 9 8 0 4 7 9 4 7 7 5 1 5 5 2 7 10 0.845241 1 8 6 0 7 7 0 1 10 -0.435560 8 5 10 -0.848079 8 6 4 0 10 -0.479263 9 3 6 6 4 1 1 10 0.782647 7 2 10 -0.795526 9 0 1 6 6 0 8 8 2 0 8 4 3 9 7 1 8 10 -0.991241 0 4 4 10 0.057192 6 4 9 6 2 0 8 8 2 8 6 4 5 1 3 10 -0.668691 6 3 6 8 4 2 6 6 3 7 7 1 5 10 -0.391797 10 0.272164 7 5 6 10 -0.068514 7 2 4 0 8 8 3 7 7 5 2 8 8 2 7 8 3 10 -0.426649 9 4 1 3 4 5 9 6 7 2 6 6 0 5 8 8 9 5 9 8 10 0.320719 0 4 3 10 -0.134098 7 5 9 7 6 2 4 9 7 3 8 2 2 10 -0.505600 10 0.254860 1 8 6 5 5 4 0 9 6 4 10 0.942106 6 0 4 8 10 -0.687185 1 7 9 2 5 8 8 8 5 9 9 7 0 1 5 9 10 -0.013733 8 0 7 7 2 4 10 -0.377056 8 3 6 9 4 4 5 8 9 6 0 7 7 0 0 9 9 3 6 6 
5 1 2 1 3 4 9 10 0.140141 2 10 -0.166845 8 3 1 8 8 4 7 6 3 2 3 7 9 4 10 -0.915067 8 2 4 6 7 3 8 10 0.636616 3 4 0 5 10 0.161473 9 10 0.148167 4 10 -0.034059 7 0 3 10 -0.099765 9 3 7 10 -0.891964 0 1 3 9 10 0.014100 1 9 8 0 7 4 7 7 5 1 5 5 2 7 10 0.845241 1 8 6 0 7 7 0 1 10 -0.435560 8 5 10 -0.848079 8 6 4 0 10 -0.479263 9 3 6 6 4 1 1 10 0.782647 7 2 10 -0.795526 9 0 1 6 6 0 8 8 2 0 8 4 3 9 7 1 8 10 -0.991241 0 4 4 10 0.057192 6 4 9 6 2 0 8 8 2 8 6 4 5 1 3 10 -0.668691 6 3 6 8 4 2 6 6 3 7 7 1 5 10 -0.391797 10 0.272164 7 5 6 10 -0.068514 7 2 4 0 8 8 3 7 7 5 2 8 8 2 7 8 3 10 -0.426649 9 4 1 3 4 5 9 6 7 2 6 6 0 5 8 8 9 5 9 8 10 0.320719 0 4 3 10 -0.134098 7 5 9 7 6 2 4 9 7 3 8 2 2 10 -0.505600 10 0.254860 1 8 6 5 5 4 0 9 6 4 10 0.942106 6 0 4 8 10 -0.687185 1 7 9 2 5 8 8 8 5 9 9 7 0 1 5 9 10 -0.013733 8 0 7 7 2 4 10 -0.377056 8 3 6 9 4 4 5 8 9 6 0 7 7 0 0 9 9 3 6 6 
5 1 2 1 3 4 9 10 0.140141 4 0 10 -0.479263 9 3 6 6 3 1 8 8 4 7 6 3 2 3 7 9 4 10 -0.915067 8 2 4 6 7 3 8 10 0.636616 3 4 0 5 10 0.161473 9 10 0.148167 4 10 -0.034059 7 0 3 10 -0.099765 9 3 7 10 -0.891964 0 1 3 9 10 0.014100 1 9 8 0 4 7 9 4 7 7 5 1 5 5 2 7 10 0.845241 1 8 6 0 7 7 0 1 10 -0.435560 8 5 10 -0.848079 8 6 4 0 10 -0.479263 9 3 6 6 4 1 1 10 0.782647 7 2 10 -0.795526 9 0 1 6 6 0 8 8 2 0 8 4 3 9 7 1 8 10 -0.991241 0 4 4 10 0.057192 6 4 9 6 2 0 8 8 2 8 6 4 5 1 3 10 -0.668691 6 3 6 8 4 2 6 6 3 7 7 1 5 10 -0.391797 10 0.272164 7 5 6 10 -0.068514 7 2 4 0 8 8 3 7 7 5 2 8 8 2 7 8 3 10 -0.426649 9 4 1 3 4 5 9 6 7 2 6 6 0 5 8 8 9 5 9 8 10 0.320719 0 4 3 10 -0.134098 7 5 9 7 6 2 4 9 7 3 8 2 2 10 -0.505600 10 0.254860 1 8 6 5 5 4 0 9 6 4 10 0.942106 6 0 4 8 10 -0.687185 1 7 9 2 5 8 8 8 5 9 9 7 0 1 5 9 10 -0.013733 8 0 7 7 2 4 10 -0.377056 8 3 6 9 4 4 5 8 9 6 0 7 7 0 0 9 9 3 6 6 
5 1 2 1 3 4 9 10 0.140141 2 10 -0.166845 8 3 1 8 8 4 7 6 3 2 3 7 9 4 10 -0.915067 8 2 4 6 7 3 8 10 0.636616 3 4 0 5 10 0.161473 9 10 0.148167 4 10 -0.034059 7 0 3 10 -0.099765 9 3 7 10 -0.891964 0 1 3 9 10 0.014100 1 9 8 0 7 4 7 7 5 1 5 5 2 7 10 0.845241 1 8 6 0 7 7 0 1 10 -0.435560 8 5 10 -0.848079 8 6 4 0 10 -0.479263 9 3 6 6 4 1 1 10 0.782647 7 2 10 -0.795526 9 0 1 6 6 0 8 8 2 0 8 4 3 9 7 1 8 10 -0.991241 0 4 4 10 0.057192 6 4 9 6 2 0 8 8 2 10 -0.435560 6 4 5 1 3 10 -0.668691 6 3 6 8 4 2 6 6 3 7 7 1 5 10 -0.391797 10 0.272164 7 5 6 10 -0.068514 7 2 4 0 8 8 3 7 7 5 2 8 8 2 7 8 3 10 -0.426649 9 4 1 3 4 5 9 6 7 2 6 6 0 5 8 8 9 5 9 8 10 0.320719 0 4 3 10 -0.134098 7 5 9 7 6 2 4 9 7 3 8 2 2 10 -0.505600 10 0.254860 1 8 6 5 5 4 0 9 6 4 10 0.942106 6 0 4 8 10 -0.687185 1 7 9 2 5 8 8 8 5 9 9 7 0 1 5 9 10 -0.013733 8 0 7 7 2 4 10 -0.377056 8 3 6 9 4 4 5 8 9 6 0 7 7 0 0 9 9 3 6 6 
5 1 2 1 3 4 9 10 0.140141 2 10 -0.166845 8 3 1 8 8 4 7 6 3 2 3 7 9 4 10 -0.915067 8 2 4 6 7 3 8 10 0.636616 3 4 0 5 10 0.161473 9 10 0.148167 4 10 -0.034059 7 0 3 10 -0.099765 9 3 7 10 -0.891964 0 1 3 9 10 0.014100 1 9 8 0 7 4 7 7 5 1 5 5 2 7 10 0.845241 1 8 6 0 7 7 0 1 10 -0.435560 8 5 10 -0.848079 8 6 4 0 10 -0.479263 9 3 6 6 4 1 1 10 0.782647 7 2 10 -0.795526 9 0 1 6 6 0 8 8 2 0 8 4 3 9 7 1 8 10 -0.991241 0 4 4 10 0.057192 6 4 9 6 2 0 8 8 2 10 -0.435560 6 4 5 1 3 10 -0.668691 6 3 6 8 4 2 6 6 3 7 7 1 5 10 -0.391797 10 0.272164 7 5 6 10 -0.068514 7 2 4 0 8 8 3 7 7 5 2 8 8 2 7 8 3 10 -0.426649 9 4 1 3 4 5 9 6 7 2 6 6 0 5 8 8 9 5 9 8 10 0.320719 0 4 3 10 -0.134098 7 5 9 7 6 2 4 9 7 3 8 2 2 10 -0.505600 10 0.254860 1 8 6 5 5 4 0 9 6 4 10 0.942106 6 0 4 8 10 -0.687185 1 7 9 2 5 8 8 8 5 9 9 7 0 1 5 9 10 -0.013733 8 0 7 7 2 4 10 -0.377056 8 3 6 9 4 4 5 8 9 6 0 7 7 0 0 9 9 3 6 6 
5 1 2 1 3 4 9 10 0.140141 2 10 -0.166845 8 3 1 8 8 4 7 6 3 2 3 7 9 4 10 -0.915067 8 2 4 6 7 3 8 10 0.636616 3 4 0 5 10 0.161473 9 10 0.148167 4 10 -0.034059 7 0 3 10 -0.099765 9 3 7 10 -0.891964 0 1 3 9 10 0.014100 1 9 8 0 7 4 7 7 5 1 5 5 2 7 10 0.845241 1 8 6 0 7 7 0 1 10 -0.435560 8 5 10 -0.848079 8 6 4 0 10 -0.479263 9 3 6 6 4 1 1 10 0.782647 7 2 10 -0.795526 9 0 1 6 6 0 8 8 2 0 8 4 3 9 7 1 8 10 -0.991241 0 4 4 10 0.057192 6 4 9 6 2 0 8 8 2 10 -0.435560 6 4 5 1 3 10 -0.668691 6 3 6 8 4 2 6 6 3 7 7 1 5 10 -0.391797 10 0.272164 7 5 6 10 -0.068514 7 2 4 0 8 8 3 7 7 5 2 8 8 2 7 8 3 10 -0.426649 9 4 1 3 4 5 9 6 7 2 6 6 0 5 8 8 9 5 9 8 10 0.320719 0 4 3 10 -0.134098 7 5 9 7 6 2 4 9 7 3 8 2 2 10 -0.505600 10 0.254860 1 8 6 5 5 4 0 9 6 4 10 0.942106 6 0 4 8 10 -0.687185 1 7 9 2 5 8 8 8 5 9 9 7 0 1 5 9 10 -0.013733 8 0 7 7 2 4 10 -0.377056 8 3 6 9 4 4 0 4 3 10 -0.134098 7 5 9 7 6 2 4 9 7 3 8 2 2 10 -0.505600 10 0.254860 1 8 6 0 7 7 0 0 9 9 3 6 6 
5 1 2 1 3 4 9 10 0.140141 2 10 -0.166845 8 3 1 8 8 4 7 6 3 2 3 7 9 4 10 -0.915067 8 2 4 6 7 3 8 10 0.636616 3 4 0 5 10 0.161473 9 10 0.148167 4 10 -0.034059 7 0 3 10 -0.099765 9 3 7 10 -0.891964 0 1 3 9 10 0.014100 1 9 8 0 7 4 7 7 5 1 5 5 2 7 10 0.845241 1 8 6 0 7 7 0 1 10 -0.435560 8 5 10 -0.848079 8 6 4 0 10 -0.479263 9 3 6 6 4 1 1 10 0.782647 7 2 10 -0.795526 9 0 1 6 6 0 8 8 2 0 8 4 3 9 7 1 8 10 -0.991241 0 4 4 10 0.057192 6 4 9 6 2 0 8 8 2 10 -0.435560 6 4 5 1 3 10 -0.668691 6 3 6 8 4 2 6 6 3 7 7 1 5 10 -0.391797 10 0.272164 7 5 6 10 -0.068514 7 2 4 0 8 8 3 7 7 5 2 8 8 2 7 8 3 10 -0.426649 9 4 1 3 4 5 9 6 7 2 6 6 0 5 8 8 9 5 9 8 10 0.320719 0 4 3 10 -0.134098 7 5 9 7 6 2 4 9 7 3 8 2 2 10 -0.505600 10 0.254860 1 8 6 5 5 4 0 9 6 4 10 0.942106 6 0 4 8 10 -0.687185 1 7 9 2 5 8 8 8 5 9 9 7 0 1 5 9 10 -0.013733 8 0 7 7 2 4 10 -0.377056 8 3 6 9 4 4 0 4 3 10 -0.134098 7 5 9 7 6 2 4 9 7 3 8 2 2 10 -0.505600 10 0.254860 1 8 6 0 7 7 0 0 9 9 3 6 6 
5 1 2 1 3 4 9 10 0.140141 2 10 -0.166845 8 3 1 8 8 4 7 6 3 2 3 7 9 4 10 -0.915067 8 2 4 6 7 3 8 10 0.636616 3 4 0 5 10 0.161473 9 10 0.148167 4 10 -0.034059 7 0 3 10 -0.099765 9 3 7 10 -0.891964 0 1 3 9 10 0.014100 1 9 8 0 7 4 7 7 5 10 -0.166845 2 0 8 4 3 9 7 1 8 10 -0.991241 0 4 4 10 0.057192 6 4 9 6 2 0 8 8 2 10 -0.435560 6 4 5 1 3 10 -0.668691 6 3 6 8 4 2 6 6 3 7 7 1 5 10 -0.391797 10 0.272164 7 5 6 10 -0.068514 7 2 4 0 8 8 3 7 7 5 2 8 8 2 7 8 3 10 -0.426649 9 4 1 3 4 5 9 6 7 2 6 6 0 5 8 8 9 5 9 8 10 0.320719 0 4 3 10 -0.134098 7 5 9 7 6 2 4 9 7 3 8 2 2 10 -0.505600 10 0.254860 1 8 6 5 5 4 0 9 6 4 10 0.942106 6 0 4 8 10 -0.687185 1 7 9 2 5 8 8 8 5 9 9 7 0 1 5 9 10 -0.013733 8 0 7 7 2 4 10 -0.377056 8 3 6 9 4 4 0 4 3 10 -0.134098 7 5 9 7 6 2 4 9 7 3 8 2 2 10 -0.505600 10 0.254860 1 8 6 0 7 7 0 0 9 9 3 6 6 
5 1 2 1 3 4 9 10 0.140141 2 10 -0.166845 8 3 1 8 8 4 7 6 3 2 3 7 9 4 10 -0.915067 8 2 4 6 7 3 8 10 0.636616 3 4 0 5 10 0.161473 9 10 0.148167 4 10 -0.034059 7 0 3 10 -0.099765 9 3 7 10 -0.891964 0 1 3 9 10 0.014100 1 9 8 0 7 4 7 7 5 10 -0.166845 2 0 8 4 3 9 7 1 8 10 -0.991241 0 4 4 10 0.057192 6 4 9 6 2 0 8 8 2 10 -0.435560 6 4 5 1 3 10 -0.668691 6 3 6 8 4 2 6 6 3 7 7 1 5 10 -0.391797 10 0.272164 7 5 6 10 -0.068514 7 2 4 0 8 8 3 7 7 5 2 8 8 2 7 8 3 10 -0.426649 9 4 1 3 4 5 9 6 7 2 6 6 0 5 8 8 9 5 9 8 10 0.320719 0 4 3 10 -0.134098 7 5 9 7 6 2 4 9 7 3 8 2 2 10 -0.505600 10 0.254860 1 8 6 5 5 4 0 9 6 4 10 0.942106 6 0 4 8 10 -0.687185 1 7 9 2 5 8 8 8 5 9 9 7 0 1 5 9 10 -0.013733 8 0 7 7 2 4 10 -0.377056 8 3 6 9 4 4 0 4 3 10 -0.134098 7 5 9 7 6 2 4 9 7 3 8 2 2 10 -0.505600 10 0.254860 1 8 6 0 7 7 0 0 9 9 3 6 6 
5 1 2 1 3 4 9 10 0.140141 2 10 -0.166845 8 3 1 8 8 4 7 6 3 2 3 7 9 4 10 -0.915067 8 2 4 6 7 3 8 10 0.636616 3 4 0 5 10 0.161473 9 10 0.148167 4 10 -0.034059 7 0 3 10 -0.099765 9 3 7 10 -0.891964 0 1 3 9 10 0.014100 1 9 8 0 7 4 7 7 5 10 -0.166845 2 0 8 4 3 9 7 1 8 10 -0.991241 0 4 4 10 0.057192 6 4 9 6 2 0 8 8 2 10 -0.435560 6 4 5 1 3 10 -0.668691 6 3 6 8 4 2 6 6 3 7 7 1 5 10 -0.391797 10 0.272164 7 5 6 10 -0.068514 7 2 4 0 8 8 3 7 7 5 2 8 8 2 7 8 3 10 -0.426649 9 4 1 3 4 5 9 6 7 2 6 6 0 5 8 8 9 5 9 8 10 0.320719 0 4 3 10 -0.134098 7 5 9 7 6 2 4 9 7 3 8 2 2 10 -0.505600 10 0.254860 1 8 6 5 5 4 0 9 6 4 10 0.942106 6 0 4 8 10 -0.687185 1 7 9 2 5 8 8 8 5 9 9 7 0 1 5 9 10 -0.013733 8 0 7 7 2 4 10 -0.377056 8 3 6 9 4 4 0 4 3 10 -0.134098 7 5 9 7 6 2 4 9 7 3 8 2 2 10 -0.505600 10 0.254860 1 8 6 0 7 7 0 0 2 4 6 7 3 8 10 0.636616 9 3 6 6 
5 1 2 1 3 4 9 10 0.140141 2 10 -0.166845 8 3 1 8 8 4 7 6 3 2 3 7 9 4 10 -0.915067 8 2 4 6 7 3 8 10 0.636616 3 4 0 5 10 0.161473 9 10 0.148167 4 10 -0.034059 7 0 3 10 -0.099765 9 3 7 10 -0.891964 0 1 3 9 10 0.014100 1 9 8 0 7 4 7 7 5 10 -0.166845 2 0 8 4 3 9 7 1 8 10 -0.991241 0 4 4 10 0.057192 6 4 9 6 2 0 8 8 2 10 -0.435560 6 4 5 1 3 10 -0.668691 6 3 6 8 4 2 6 6 3 7 7 1 5 10 -0.391797 10 0.272164 7 5 6 10 -0.068514 7 2 4 0 8 8 3 7 7 5 2 8 8 2 7 8 3 10 -0.426649 9 4 1 3 4 5 9 6 7 2 6 6 0 5 8 8 9 5 9 8 10 0.320719 0 4 3 10 -0.134098 7 5 9 7 6 2 4 9 7 3 8 2 2 10 -0.505600 10 0.254860 1 8 6 5 5 4 0 9 6 4 10 0.942106 6 0 4 8 10 -0.687185 1 7 9 2 5 8 8 8 5 9 9 7 0 1 5 9 10 -0.013733 8 0 7 7 2 4 10 -0.377056 8 3 6 9 4 4 0 4 3 10 -0.134098 7 5 9 7 6 2 4 9 7 3 8 2 2 10 -0.505600 10 0.254860 1 8 6 0 7 7 0 0 2 4 6 7 3 8 10 0.636616 9 3 6 6 
5 1 2 1 3 4 9 10 0.140141 2 10 -0.166845 8 3 1 8 8 4 7 6 3 2 3 7 9 4 10 -0.915067 8 2 4 6 7 3 8 10 0.636616 3 4 0 5 10 0.161473 9 10 0.148167 4 10 -0.034059 7 0 3 10 -0.099765 9 3 7 10 -0.891964 0 1 3 9 10 0.014100 1 9 8 0 7 4 7 7 5 10 -0.166845 2 0 8 4 3 9 7 1 8 10 -0.991241 0 4 4 10 0.057192 6 4 9 6 2 0 8 8 2 10 -0.435560 6 4 5 1 3 10 -0.668691 6 3 6 8 4 2 6 6 3 7 7 1 5 10 -0.391797 10 0.272164 7 5 6 10 -0.068514 7 2 4 0 8 8 3 7 7 5 2 8 8 2 7 8 3 10 -0.426649 9 4 1 3 4 5 9 6 7 2 6 6 0 5 8 8 9 5 9 8 10 0.320719 0 4 3 10 -0.134098 7 5 9 7 6 2 4 9 7 3 8 2 2 2 10 -0.505600 10 0.254860 10 0.254860 1 8 6 5 5 4 0 9 6 4 10 0.942106 6 0 4 8 10 -0.687185 1 7 9 2 5 8 8 8 5 9 9 7 0 1 5 9 10 -0.013733 8 0 7 7 2 4 10 -0.377056 8 3 6 9 4 4 0 4 3 10 -0.134098 7 5 9 7 6 2 4 9 7 3 8 2 2 10 -0.505600 10 0.254860 1 8 6 0 7 7 0 0 2 4 6 7 3 8 10 0.636616 9 3 6 6 
5 1 2 1 3 4 9 10 0.140141 2 10 -0.166845 8 3 1 8 8 4 7 6 3 2 3 7 9 4 10 -0.915067 8 2 4 6 7 3 8 10 0.636616 3 4 0 5 10 0.161473 9 10 0.148167 4 10 -0.034059 7 0 3 10 -0.099765 9 3 7 10 -0.891964 0 1 3 9 10 0.014100 1 9 8 0 7 4 7 7 5 10 -0.166845 2 0 8 4 3 9 7 1 8 10 -0.991241 0 4 4 10 0.057192 6 4 9 6 2 0 8 8 2 10 -0.435560 6 4 5 1 3 10 -0.668691 6 3 6 8 4 2 6 6 3 7 7 1 5 10 -0.391797 10 0.272164 7 5 6 10 -0.068514 7 2 4 0 8 8 3 7 7 5 2 8 8 2 7 8 3 10 -0.426649 9 4 1 3 4 5 9 6 7 2 6 6 0 5 8 8 9 5 9 8 10 0.320719 0 4 3 10 -0.134098 7 5 9 7 6 2 4 9 7 3 8 2 2 2 10 -0.505600 10 0.254860 10 0.254860 1 8 6 5 5 4 0 9 6 4 10 0.942106 6 0 4 8 10 -0.687185 1 7 9 2 5 8 8 8 5 9 9 7 0 1 5 9 10 -0.013733 8 0 7 7 2 4 10 -0.377056 8 3 6 9 4 4 0 4 3 10 -0.134098 7 5 9 7 6 2 4 9 7 3 8 2 2 10 -0.505600 10 0.254860 1 8 6 0 7 7 0 0 2 4 6 7 3 8 10 0.636616 9 3 6 6 
5 1 2 1 3 4 9 10 0.140141 2 10 -0.166845 8 3 1 8 8 4 7 6 3 2 3 7 9 4 10 -0.915067 8 2 4 6 7 3 8 10 0.636616 3 4 0 5 10 0.161473 9 10 0.148167 4 10 -0.034059 7 0 3 10 -0.099765 9 3 7 10 -0.891964 0 1 3 9 10 0.014100 1 9 8 0 7 4 7 7 5 10 -0.166845 2 0 8 4 3 9 7 1 8 10 -0.991241 0 4 4 10 0.057192 6 4 9 6 2 0 8 8 2 10 -0.435560 6 4 5 1 3 10 -0.668691 6 3 6 8 4 2 6 6 3 7 7 1 5 10 -0.391797 10 0.272164 7 5 6 10 -0.068514 7 2 4 0 8 8 3 7 7 5 2 8 8 2 7 8 3 10 -0.426649 9 4 1 3 4 5 9 6 7 2 6 6 0 5 8 8 9 5 9 8 10 0.320719 0 4 3 10 -0.134098 7 5 9 7 6 2 4 9 7 3 8 2 2 2 10 -0.505600 10 0.254860 10 0.254860 1 8 6 5 5 4 0 9 6 4 10 0.942106 6 0 4 8 10 -0.687185 1 7 9 2 5 8 8 8 5 9 9 7 0 1 5 9 10 -0.013733 8 0 7 7 2 4 10 -0.377056 8 3 6 9 4 4 0 4 3 10 -0.134098 7 5 9 7 6 2 4 9 7 3 8 2 2 10 -0.505600 10 0.254860 1 8 6 0 7 7 0 0 2 4 6 7 3 8 10 0.636616 9 3 6 6 
5 1 2 1 3 4 9 10 0.140141 2 10 -0.166845 8 3 1 8 8 4 7 6 3 2 3 7 9 4 10 -0.915067 8 2 4 6 7 3 8 10 0.636616 3 4 0 5 10 0.161473 9 10 0.148167 4 10 -0.034059 7 0 3 10 -0.099765 9 3 7 10 -0.891964 0 1 3 9 10 0.014100 1 9 8 0 7 4 7 7 5 10 -0.166845 2 0 8 4 3 9 7 1 8 10 -0.991241 0 4 4 10 0.057192 6 4 9 6 2 0 8 8 2 10 -0.435560 6 4 5 1 3 10 -0.668691 6 3 6 8 4 2 6 6 3 7 7 1 5 10 -0.391797 10 0.272164 7 5 6 10 -0.068514 7 2 4 0 8 8 3 7 7 5 2 8 8 2 7 8 3 10 -0.426649 9 4 1 3 4 5 9 6 7 2 6 6 0 5 8 8 9 5 9 8 10 0.320719 0 4 3 10 -0.134098 7 5 9 7 6 2 4 9 7 3 8 2 2 2 10 -0.505600 10 0.254860 10 0.254860 1 8 6 5 5 4 0 9 6 4 10 0.942106 6 0 4 8 10 -0.687185 1 7 9 2 5 8 8 8 5 9 9 7 0 1 5 9 10 -0.013733 8 0 7 7 2 4 10 -0.377056 8 3 6 9 4 4 0 4 3 10 -0.134098 7 5 9 7 6 2 7 3 8 2 2 10 -0.505600 10 0.254860 1 8 6 0 7 7 0 0 2 4 6 7 3 8 10 0.636616 9 3 6 6 
5 1 2 1 3 4 9 10 0.140141 2 10 -0.166845 8 3 1 8 8 4 7 6 3 2 3 7 9 4 10 -0.915067 8 2 4 6 7 3 8 10 0.636616 3 4 0 5 10 0.161473 9 10 0.148167 4 10 -0.034059 7 0 3 10 -0.099765 9 3 7 10 -0.891964 0 1 3 9 10 0.014100 1 9 8 0 7 4 7 7 5 10 -0.166845 2 0 8 4 3 9 7 1 8 10 -0.991241 0 4 4 10 0.057192 6 4 9 6 2 0 8 8 2 10 -0.435560 6 4 5 1 3 10 -0.668691 6 3 6 8 4 2 6 6 3 7 7 1 5 10 -0.391797 10 0.272164 7 5 6 10 -0.068514 7 2 4 0 8 8 3 7 7 5 2 8 8 2 7 8 3 10 -0.426649 9 4 1 3 4 5 9 6 7 2 6 6 0 5 8 8 9 5 9 8 10 0.320719 0 4 3 10 -0.134098 7 5 9 7 6 2 4 9 7 3 8 2 2 2 10 -0.505600 10 0.254860 10 0.254860 1 8 6 5 5 4 0 9 6 4 10 0.942106 6 0 4 8 10 -0.687185 1 7 9 2 5 8 8 8 5 9 9 7 0 1 5 9 10 -0.013733 8 0 7 7 2 4 10 -0.377056 8 3 6 9 4 4 0 4 3 10 -0.134098 7 5 9 7 6 2 7 3 8 2 2 10 -0.505600 10 0.254860 1 8 6 0 7 7 0 0 2 4 6 7 3 8 10 0.636616 9 3 6 6 
5 1 2 1 3 4 9 10 0.140141 2 10 -0.166845 8 3 1 8 8 4 7 6 3 2 3 7 9 4 10 -0.915067 8 2 4 6 7 3 8 10 0.636616 3 4 0 5 10 0.161473 9 10 0.148167 4 10 -0.034059 7 0 3 10 -0.099765 9 3 7 10 -0.891964 0 1 3 9 10 0.014100 1 9 8 0 7 4 7 7 5 10 -0.166845 2 0 8 4 3 9 7 1 8 10 -0.991241 0 4 4 10 0.057192 6 4 9 6 2 0 8 8 2 10 -0.435560 6 4 5 1 3 10 -0.668691 6 3 6 8 4 2 6 6 3 7 7 1 5 10 -0.391797 10 0.272164 7 5 6 10 -0.068514 7 2 4 0 8 8 3 7 7 5 2 8 8 2 7 8 3 10 -0.426649 9 4 1 3 4 5 9 6 7 2 6 6 0 5 8 8 9 5 9 8 10 0.320719 0 4 3 10 -0.134098 7 5 9 7 6 2 4 9 7 3 8 2 2 2 10 -0.505600 10 0.254860 10 0.254860 1 8 6 5 5 4 0 9 6 4 10 0.942106 6 0 4 8 10 -0.687185 1 7 9 2 5 8 8 8 5 9 9 7 0 1 5 9 10 -0.013733 8 0 7 7 2 4 10 -0.377056 8 3 6 9 4 4 0 4 3 10 -0.134098 7 5 9 7 6 2 7 3 8 2 2 10 -0.505600 10 0.254860 1 8 6 0 7 7 0 0 2 4 6 7 3 8 10 0.636616 9 3 6 6 
5 1 2 1 3 4 9 10 0.140141 2 10 -0.166845 8 3 1 8 8 4 7 6 3 2 3 7 9 4 10 -0.915067 8 2 4 6 7 3 8 10 0.636616 3 4 0 5 10 0.161473 9 10 0.148167 4 10 -0.034059 7 0 3 10 -0.099765 9 3 7 10 -0.891964 0 1 3 9 10 0.014100 1 9 8 0 7 4 7 7 5 10 -0.166845 2 0 8 4 3 9 7 1 8 10 -0.991241 0 4 4 10 0.057192 6 4 9 6 2 0 8 8 2 10 -0.435560 6 4 5 1 3 10 -0.668691 6 3 6 8 4 2 6 6 3 7 7 1 5 10 -0.391797 10 0.272164 7 5 6 10 -0.068514 7 2 4 0 8 8 3 7 7 5 2 8 8 2 7 8 7 4 1 3 4 5 9 6 7 2 6 6 0 5 8 8 9 5 9 8 10 0.320719 0 4 3 10 -0.134098 7 5 9 7 6 2 4 9 7 3 8 2 2 2 10 -0.505600 10 0.254860 10 0.254860 1 8 6 5 5 4 0 9 6 4 10 0.942106 6 0 4 8 10 -0.687185 1 7 9 2 5 8 8 8 5 9 9 7 0 1 5 9 10 -0.013733 8 0 7 7 2 4 10 -0.377056 8 3 6 9 4 4 0 4 3 10 -0.134098 7 5 9 7 6 2 7 3 8 2 2 10 -0.505600 10 0.254860 1 8 6 0 7 7 0 0 2 4 6 7 3 8 10 0.636616 9 3 6 6 
5 1 2 1 3 4 9 10 0.140141 2 10 -0.166845 8 3 1 8 8 4 7 6 3 2 3 7 9 4 10 -0.915067 8 2 4 6 7 3 8 10 0.636616 3 4 0 5 10 0.161473 9 10 0.148167 4 10 -0.034059 7 0 3 10 -0.099765 9 3 7 10 -0.891964 0 1 3 9 10 0.014100 1 9 8 0 7 4 7 7 5 10 -0.166845 2 0 8 4 3 9 7 1 8 10 -0.991241 0 4 4 10 0.057192 6 4 9 6 2 0 8 8 2 10 -0.435560 6 4 5 1 3 10 -0.668691 6 3 6 8 4 2 6 6 3 7 7 1 5 10 -0.391797 10 0.272164 7 5 6 10 -0.068514 7 2 4 0 8 8 3 7 7 5 2 8 8 2 7 8 3 10 -0.426649 9 4 1 3 4 5 9 6 7 2 6 6 0 5 8 8 9 5 9 8 10 0.320719 0 4 3 10 -0.134098 7 5 9 7 6 2 4 9 7 3 8 2 2 2 10 -0.505600 10 0.254860 10 0.254860 1 8 6 5 5 4 0 9 6 4 10 0.942106 6 0 4 8 10 -0.687185 1 7 9 2 5 8 8 8 5 9 9 7 0 1 5 9 10 -0.013733 8 0 7 7 2 4 10 -0.377056 8 3 6 9 4 4 0 4 3 10 -0.134098 7 5 9 7 6 2 7 3 8 2 2 10 -0.505600 10 0.254860 1 8 6 0 7 7 0 0 2 4 3 4 0 5 10 0.161473 9 10 0.148167 4 10 -0.034059 7 0 3 10 -0.099765 9 3 7 10 -0.891964 0 1 3 9 10 0.014100 1 9 8 0 7 4 7 7 7 3 8 10 0.636616 9 3 6 6 
5 1 2 1 3 4 9 10 0.140141 2 10 -0.166845 8 3 1 8 8 4 7 6 3 2 3 7 9 4 10 -0.915067 8 2 4 6 7 3 8 10 0.636616 3 4 0 5 10 0.161473 9 10 0.148167 4 10 -0.034059 7 0 3 10 -0.099765 9 3 7 10 -0.891964 0 1 3 9 10 0.014100 1 9 8 0 7 4 7 7 5 10 -0.166845 2 0 8 4 3 9 7 1 8 10 -0.991241 0 4 4 10 0.057192 6 4 9 6 2 0 8 8 2 10 -0.435560 6 4 5 1 3 10 -0.668691 6 3 6 8 4 2 6 6 3 7 7 1 5 10 -0.391797 10 0.272164 7 5 6 10 -0.068514 7 2 4 0 8 8 4 10 0.632435 7 5 2 8 8 2 7 8 3 10 -0.426649 9 4 1 3 4 5 9 6 7 2 6 6 0 5 8 8 9 5 9 8 10 0.320719 0 4 10 -0.068514 5 9 7 6 2 4 9 7 3 8 2 2 2 10 -0.505600 10 0.254860 10 0.254860 1 8 6 5 5 4 0 9 6 4 10 0.942106 6 0 4 8 10 -0.687185 1 7 9 2 5 8 8 8 5 9 9 7 0 1 5 9 10 -0.013733 8 0 7 7 2 4 10 -0.377056 8 3 6 9 4 4 0 4 3 10 -0.134098 7 5 9 7 6 2 7 3 8 2 2 10 -0.505600 10 0.254860 1 8 6 0 7 7 0 0 2 4 6 7 3 8 10 0.636616 9 3 6 6 
5 1 2 1 3 4 9 10 0.140141 2 10 -0.166845 8 3 1 8 8 4 7 6 3 2 3 7 9 4 10 -0.915067 8 2 4 6 7 3 8 10 0.636616 3 4 0 5 10 0.161473 9 10 0.148167 4 10 -0.034059 7 0 3 10 -0.099765 9 3 7 10 -0.891964 0 1 3 9 10 0.014100 1 9 8 0 7 4 7 7 5 10 -0.166845 2 0 8 4 3 9 7 1 8 10 -0.991241 0 4 4 10 0.057192 6 4 9 6 2 0 8 8 2 10 -0.435560 6 4 5 1 3 10 -0.668691 6 3 6 8 4 2 6 6 3 7 7 1 5 10 -0.391797 10 0.272164 7 5 6 10 -0.068514 7 2 1 2 9 6 3 7 10 0.706351 0 7 8 4 1 3 4 5 9 6 7 2 6 6 0 5 8 8 9 5 9 8 10 0.320719 0 4 10 -0.068514 5 9 7 6 2 4 9 7 3 8 2 2 2 10 -0.505600 10 0.254860 10 0.254860 1 8 6 5 5 4 0 9 6 4 10 0.942106 6 0 4 8 10 -0.687185 1 7 9 2 5 8 8 8 5 9 9 7 0 1 5 9 10 -0.013733 8 0 7 7 2 4 10 -0.377056 8 3 6 9 4 4 0 4 3 10 -0.134098 7 5 9 7 6 2 7 3 8 2 2 10 -0.505600 10 0.254860 1 8 6 0 7 7 0 0 2 4 6 7 3 8 10 0.636616 9 3 6 6 
5 1 2 1 3 4 9 10 0.140141 2 10 -0.166845 8 3 1 8 8 4 7 6 3 2 3 7 9 4 10 -0.915067 8 2 4 6 7 3 8 10 0.636616 3 4 0 5 10 0.161473 9 10 0.148167 4 10 -0.034059 7 0 3 10 -0.099765 9 3 7 10 -0.891964 0 1 3 9 10 0.014100 1 9 8 0 7 4 7 7 5 10 -0.166845 2 0 8 4 3 9 7 1 8 10 -0.991241 0 4 4 10 0.057192 6 4 9 6 2 0 8 8 2 10 -0.435560 6 4 5 1 3 10 -0.668691 3 8 2 2 10 -0.505600 10 0.254860 1 8 6 3 6 8 4 2 6 6 3 7 7 1 5 10 -0.391797 10 0.272164 7 5 6 10 -0.068514 7 2 1 2 9 6 3 7 10 0.706351 0 7 8 4 1 3 4 5 9 6 7 2 6 6 0 5 8 8 9 5 9 8 10 0.320719 0 4 10 -0.068514 5 9 7 6 2 4 9 7 3 8 2 2 2 10 -0.505600 10 0.254860 10 0.254860 1 8 6 5 5 4 0 9 6 4 10 0.942106 6 0 4 8 10 -0.687185 1 7 9 2 5 8 8 8 5 9 9 7 0 1 5 9 10 -0.013733 8 0 7 7 2 4 10 -0.377056 8 3 6 9 4 4 0 4 3 10 -0.134098 7 5 9 7 6 2 7 3 8 2 2 10 -0.505600 10 0.254860 1 8 6 0 7 7 0 0 2 4 6 7 3 8 10 0.636616 9 3 6 6 
5 1 2 1 3 4 9 10 0.140141 2 10 -0.166845 8 3 1 8 8 4 7 6 3 2 3 7 9 4 10 -0.915067 8 2 4 6 7 3 8 10 0.636616 3 4 0 5 10 0.161473 9 10 0.148167 4 10 -0.034059 7 0 3 10 -0.099765 9 3 7 10 -0.891964 0 1 3 9 10 0.014100 1 9 8 0 7 4 7 7 5 10 -0.166845 2 0 8 4 3 9 7 1 8 10 -0.991241 0 4 4 10 0.057192 6 4 9 6 2 0 8 8 2 10 -0.435560 6 4 5 1 3 10 -0.668691 6 3 6 8 4 2 6 6 3 7 7 1 5 10 -0.391797 10 0.272164 7 5 6 10 -0.068514 7 2 1 2 9 6 3 7 10 0.706351 0 7 8 4 1 3 4 5 9 6 7 2 6 6 0 5 8 8 9 5 9 8 10 0.320719 0 4 10 -0.068514 5 9 7 6 2 4 9 7 3 8 2 2 2 10 -0.505600 10 0.254860 10 0.254860 1 8 6 5 5 4 0 9 6 4 10 0.942106 6 0 4 8 10 -0.687185 1 7 9 2 5 8 8 8 5 9 9 7 0 1 5 9 10 -0.013733 8 0 7 7 2 4 10 -0.377056 8 3 6 9 4 4 0 4 3 10 -0.134098 7 5 9 7 6 2 7 3 8 2 2 10 -0.505600 10 0.254860 1 8 6 0 7 7 0 0 2 4 6 7 3 8 10 0.636616 9 3 6 6 
5 1 2 1 3 4 9 10 0.140141 2 10 -0.166845 8 3 1 8 8 4 7 6 3 2 3 7 9 4 10 -0.915067 8 2 4 6 7 3 8 10 0.636616 3 4 0 5 10 0.161473 9 10 0.148167 4 10 -0.034059 7 0 3 10 -0.099765 9 3 7 10 -0.891964 0 1 3 9 10 0.014100 1 9 8 0 7 4 7 7 5 10 -0.166845 2 0 8 4 3 9 7 1 8 10 -0.991241 0 4 4 10 0.057192 6 4 9 6 2 0 8 8 2 10 -0.435560 6 4 5 1 3 10 -0.668691 6 3 6 8 4 2 6 6 3 7 7 1 5 10 -0.391797 10 0.272164 7 5 6 10 -0.068514 7 2 1 2 9 10 0.254860 3 7 10 0.706351 0 7 8 4 1 3 4 5 9 6 7 2 6 6 0 5 8 8 9 5 9 8 10 0.320719 0 4 10 -0.068514 5 9 7 6 2 4 9 7 3 8 2 2 2 10 -0.505600 10 0.254860 10 0.254860 1 8 6 5 5 4 0 9 6 4 10 0.942106 6 0 4 8 10 -0.687185 1 7 9 2 5 8 8 8 5 9 9 7 0 1 5 9 10 -0.013733 8 0 7 7 2 4 10 -0.377056 8 3 6 9 4 4 0 4 3 10 -0.134098 7 5 9 7 6 2 7 3 8 2 2 10 -0.505600 10 0.254860 1 8 6 0 7 7 0 0 2 4 6 7 3 8 10 0.636616 9 3 6 6 
5 1 2 1 3 4 9 10 0.140141 2 10 -0.166845 8 3 1 8 8 4 7 6 3 2 3 7 9 4 10 -0.915067 8 2 4 6 7 3 8 10 0.636616 3 4 0 5 10 0.161473 9 10 0.148167 4 10 -0.034059 7 0 3 10 -0.099765 9 3 7 10 -0.891964 0 1 3 9 10 0.014100 1 9 8 0 7 4 7 7 5 10 -0.166845 2 0 8 4 3 9 7 1 8 10 -0.991241 0 4 4 10 0.057192 7 4 9 6 2 0 8 8 2 10 -0.435560 6 4 5 1 3 10 -0.668691 6 3 6 8 4 2 6 6 3 7 7 1 5 10 -0.391797 10 0.272164 7 5 6 10 -0.068514 7 2 1 2 9 6 3 7 10 0.706351 0 7 8 4 1 3 4 5 9 6 7 2 6 6 0 5 8 8 9 5 9 8 10 0.320719 0 4 10 -0.068514 5 9 7 6 2 4 9 7 3 8 2 2 2 10 -0.505600 10 0.254860 10 0.254860 1 8 6 5 5 4 0 9 6 4 10 0.942106 6 0 4 8 10 -0.687185 1 7 9 2 5 8 8 8 5 9 9 7 0 1 5 9 10 -0.013733 8 0 7 7 2 4 10 -0.377056 8 3 6 9 4 4 0 4 3 10 -0.134098 7 5 9 7 6 2 7 3 8 2 2 10 -0.505600 10 0.254860 1 8 6 0 7 7 0 0 2 4 6 7 3 8 10 0.636616 9 3 6 6 
5 1 2 1 3 4 9 10 0.140141 2 10 -0.166845 8 3 1 8 8 4 7 6 3 2 3 7 9 4 10 -0.915067 8 2 4 6 7 3 8 10 0.636616 3 4 0 5 10 0.161473 9 10 0.148167 4 10 -0.034059 7 0 3 10 -0.099765 9 3 7 10 -0.891964 0 1 3 9 10 0.014100 1 9 8 0 7 4 7 7 5 10 -0.166845 2 0 8 4 3 9 7 1 8 10 -0.991241 0 4 4 10 0.057192 7 4 9 6 2 0 8 8 2 10 -0.435560 6 4 5 1 3 10 -0.668691 6 3 6 8 4 2 6 6 3 7 7 1 5 10 -0.391797 10 0.272164 7 5 6 10 -0.068514 7 2 1 2 9 6 3 7 10 0.706351 0 7 8 4 1 3 4 5 9 6 7 2 6 6 0 5 8 8 9 5 9 8 10 0.320719 0 4 10 -0.068514 5 9 7 6 2 4 9 7 3 8 2 2 2 10 -0.505600 10 0.254860 10 0.254860 1 8 6 5 5 4 0 9 6 4 10 0.942106 6 0 4 8 10 -0.687185 1 7 9 2 5 8 8 8 5 9 9 7 0 1 5 9 10 -0.013733 8 0 7 7 2 4 10 -0.377056 8 3 6 9 4 4 0 4 3 10 -0.134098 7 5 9 7 6 2 7 3 8 2 2 10 -0.505600 10 0.254860 1 8 6 0 7 7 0 0 2 4 6 7 3 8 10 0.636616 9 3 6 6 
5 1 2 1 3 4 9 10 0.140141 2 10 -0.166845 8 3 1 8 8 4 7 6 3 2 3 7 9 4 10 -0.915067 8 2 4 6 7 3 8 10 0.636616 3 4 0 5 10 0.161473 9 10 0.148167 4 10 -0.034059 7 0 3 10 -0.099765 9 3 7 3 6 8 0 1 3 9 10 0.014100 1 9 8 0 7 4 7 7 5 10 -0.166845 2 0 8 4 3 9 7 1 8 10 -0.991241 0 4 4 10 0.057192 7 4 9 6 2 0 8 8 2 10 -0.435560 6 4 5 1 3 10 -0.668691 6 3 6 8 4 2 6 6 3 7 7 1 5 10 -0.391797 10 0.272164 7 5 6 10 -0.068514 7 2 1 2 9 6 3 7 10 0.706351 0 7 8 4 1 3 4 5 9 6 7 2 6 6 0 5 8 8 9 5 9 8 10 0.320719 0 4 10 -0.068514 5 9 7 6 2 4 9 7 3 8 2 2 2 10 -0.505600 10 0.254860 10 0.254860 1 8 6 5 5 4 0 9 6 4 10 0.942106 6 0 4 8 10 -0.687185 1 7 9 2 5 8 8 8 5 9 9 7 0 1 5 9 10 -0.013733 8 0 7 7 2 4 10 -0.377056 8 3 6 9 4 4 0 4 3 10 -0.134098 7 5 9 7 6 2 7 3 8 2 2 10 -0.505600 10 0.254860 1 8 6 0 7 7 0 0 2 4 6 7 3 8 10 0.636616 9 3 6 6 
5 1 2 1 3 4 9 10 0.140141 2 10 -0.166845 8 3 1 8 8 4 7 6 3 2 3 7 9 4 10 -0.915067 8 2 4 6 7 3 8 10 0.636616 3 4 0 5 10 0.161473 9 10 0.148167 4 10 -0.034059 7 0 3 10 -0.099765 9 7 0 1 3 9 10 0.014100 1 9 8 0 7 4 7 7 5 10 -0.166845 2 0 8 4 3 9 7 1 8 10 -0.991241 0 4 4 10 0.057192 7 4 9 6 2 0 8 8 2 10 -0.435560 6 4 5 1 3 10 -0.668691 6 3 6 8 4 2 6 6 3 7 7 1 5 10 -0.391797 10 0.272164 7 5 6 10 -0.068514 7 2 1 2 9 6 3 7 10 0.706351 0 7 8 4 1 3 4 5 9 6 7 2 6 6 0 5 8 8 9 5 9 8 10 0.320719 0 4 10 -0.068514 5 9 7 6 2 4 9 7 3 8 2 2 2 10 -0.505600 10 0.254860 10 0.254860 1 8 6 5 5 4 0 9 6 4 10 0.942106 6 0 4 8 10 -0.687185 1 7 9 2 5 8 8 8 5 9 9 7 0 1 5 9 10 -0.013733 8 0 7 7 2 4 10 -0.377056 8 3 6 9 4 4 0 4 3 10 -0.134098 7 5 9 7 6 2 7 3 8 2 2 10 -0.505600 10 0.254860 1 8 6 0 7 7 0 0 2 4 6 7 3 8 10 0.636616 9 3 6 6 
 8 0 7 4 7 7 5 10 -0.166845 2 0 8 4 3 9 7 1 8 10 -0.991241 0 4 4 10 0.057192 6 4 9 6 2 0 8 8 2 10 -0.435560 6 4 5 1 3 10 -0.668691 6 3 6 8 4 2 6 6 3 7 7 1 5 10 -0.391797 10 0.272164 7 5 6 10 -0.068514 7 2 6 0 7 8 4 7 5 5 4 0 9 6 4 10 0.942106 6 0 4 8 10 -0.687185 1 7 9 2 5 8 8 8 5 9 9 7 0 1 5 9 10 -0.013733 8 0 7 7 2 4 10 -0.377056 8 3 6 4 10 0.057192 6 4 4 0 4 3 10 -0.134098 7 5 9 7 6 2 7 3 8 2 2 10 -0.505600 10 0.254860 1 4 3 9 7 1 8 10 -0.991241 6 0 7 7 0 0 2 4 6 7 3 8 10 0.636616 9 3 6 6 
5 1 2 1 3 4 9 10 0.140141 2 10 -0.166845 8 3 1 8 8 4 7 6 3 2 3 7 9 4 10 -0.915067 8 2 4 6 7 3 8 10 0.636616 3 4 0 5 10 0.161473 9 10 0.148167 4 10 -0.034059 7 0 3 10 -0.099765 9 3 7 10 -0.891964 0 1 3 9 10 0.014100 1 9 8 0 7 4 7 7 5 10 -0.166845 2 0 8 8 0 4 4 10 0.057192 6 4 9 6 2 0 8 8 2 10 -0.435560 6 4 5 1 3 10 -0.668691 6 3 6 8 4 2 6 6 3 7 7 1 5 10 -0.391797 10 0.272164 7 5 6 10 -0.068514 7 2 6 0 7 8 4 7 5 5 4 0 9 6 4 10 0.942106 6 0 4 8 10 -0.687185 1 7 9 2 5 8 8 8 5 9 9 7 0 1 5 9 10 -0.013733 8 0 7 7 2 4 10 -0.377056 8 3 6 4 10 0.057192 6 4 4 0 4 3 10 -0.134098 7 5 9 7 6 2 7 3 8 2 2 10 -0.505600 10 0.254860 1 8 6 0 7 7 0 0 2 4 6 7 3 8 10 0.636616 9 3 6 6 
5 1 2 1 3 4 9 10 0.140141 2 10 -0.166845 8 3 1 8 8 4 7 6 3 2 3 7 9 4 10 -0.915067 8 2 4 6 7 3 8 10 0.636616 3 4 0 5 10 0.161473 9 10 0.148167 4 10 -0.034059 7 0 3 10 -0.099765 9 3 7 10 -0.891964 0 1 3 9 10 0.014100 1 9 8 0 7 4 7 7 5 10 -0.166845 2 0 8 4 3 9 7 1 8 10 -0.991241 0 4 4 10 0.057192 7 4 9 6 2 0 8 8 2 10 -0.435560 6 4 5 1 3 10 -0.668691 6 3 6 8 4 2 6 6 3 7 7 1 5 10 -0.391797 10 0.272164 7 5 6 10 -0.068514 7 2 1 2 9 6 3 7 10 0.706351 0 7 8 4 1 3 4 5 9 6 7 2 6 6 0 5 8 8 9 5 9 8 10 0.320719 0 4 10 -0.068514 5 9 7 6 2 4 9 7 3 8 2 2 2 10 -0.505600 10 0.254860 10 0.254860 1 8 6 5 5 4 0 9 6 4 10 0.942106 6 0 4 8 10 -0.687185 1 7 9 2 5 8 8 8 5 9 9 7 0 1 0 7 4 7 7 0 7 7 2 4 10 -0.377056 8 3 6 9 4 4 0 4 3 10 -0.134098 7 5 9 7 6 2 7 3 8 2 2 10 -0.505600 10 0.254860 1 8 6 0 7 7 0 0 2 4 6 7 3 8 10 0.636616 9 3 6 6 
5 1 2 1 3 4 9 10 0.140141 2 10 -0.166845 8 3 1 8 8 4 7 6 3 2 3 7 9 4 10 -0.915067 8 2 4 6 7 3 8 10 0.636616 3 4 0 5 10 0.161473 9 10 0.148167 4 10 -0.034059 7 0 3 10 -0.099765 9 3 7 10 -0.891964 0 1 3 9 10 0.014100 1 9 8 5 9 10 -0.013733 8 5 10 -0.166845 2 0 8 4 3 9 7 1 8 10 -0.991241 0 4 4 10 0.057192 6 4 9 6 2 0 8 8 2 10 -0.435560 6 4 5 1 3 10 -0.668691 6 3 6 8 4 2 6 6 3 7 7 1 5 10 -0.391797 10 0.272164 7 5 6 10 -0.068514 7 2 6 0 7 8 4 7 5 5 4 0 9 6 4 10 0.942106 6 0 4 8 10 -0.687185 1 7 9 2 5 8 8 8 5 9 9 7 0 1 5 9 10 -0.013733 8 0 7 7 2 4 10 -0.377056 8 3 6 4 10 0.057192 6 4 4 0 4 3 10 -0.134098 7 5 9 7 6 2 7 3 8 2 2 10 -0.505600 10 0.254860 1 8 6 0 7 7 0 0 2 4 6 7 3 8 10 0.636616 9 3 6 6 
5 1 2 1 3 4 9 10 0.140141 2 10 -0.166845 8 3 1 8 8 4 7 6 3 2 3 7 9 4 10 -0.915067 8 2 4 6 7 3 8 10 0.636616 3 4 0 5 10 0.161473 9 10 0.148167 4 10 -0.034059 7 0 3 10 -0.099765 9 3 7 10 -0.891964 0 1 3 9 10 0.014100 1 9 8 0 7 4 7 7 5 10 -0.166845 2 0 8 4 3 9 7 1 8 10 -0.991241 0 4 4 10 0.057192 7 4 9 6 2 0 8 8 2 10 -0.435560 6 4 5 1 3 10 -0.668691 6 3 6 8 4 2 6 6 3 7 7 1 5 10 -0.391797 10 0.272164 7 5 6 10 -0.068514 7 2 1 2 9 6 3 7 10 0.706351 0 7 8 4 1 3 4 5 9 6 7 2 6 6 0 5 8 8 9 5 9 8 10 0.320719 0 4 10 -0.068514 5 9 7 6 2 4 9 7 3 8 2 2 2 10 -0.505600 10 0.254860 10 0.254860 1 8 6 5 5 4 0 9 6 4 10 0.942106 6 0 4 8 10 -0.687185 1 7 9 2 5 8 8 8 5 9 9 7 0 1 5 9 10 -0.013733 8 0 7 7 2 4 10 -0.377056 8 3 6 9 4 4 0 4 3 10 -0.134098 4 3 10 -0.134098 7 5 9 7 6 5 9 7 6 2 7 3 8 2 2 10 -0.505600 10 0.254860 1 8 6 0 7 7 0 0 2 4 6 7 3 8 10 0.636616 9 3 6 6 
0 2 5 5 3 10 0.301309 10 -0.722343 3 9 10 0.973235 1 9 10 -0.146275 2 2 10 -0.719413 7 4 9 9 0 4 8 8 4 8 9 1 5 3 6 7 2 6 9 3 7 6 4 0 6 7 4 8 7 5 1 0 1 6 7 4 9 9 1 1 10 -0.411389 7 5 7 7 7 2 2 2 7 6 4 6 7 3 3 6 7 2 7 7 1 5 5 10 -0.789270 9 9 2 9 7 5 9 10 -0.273934 6 1 5 9 10 -0.163244 9 0 6 10 -0.333537 
0 2 5 5 3 10 0.301309 10 -0.722343 3 9 10 0.973235 1 9 10 -0.146275 9 0 4 8 8 4 8 9 1 5 3 6 7 2 6 9 3 7 6 4 0 6 7 4 8 7 5 1 0 1 6 7 4 9 9 1 1 10 -0.411389 7 5 5 1 2 9 9 6 6 6 7 7 2 2 2 7 6 4 6 7 3 3 6 7 2 7 7 1 5 5 10 -0.789270 9 9 2 9 7 5 9 10 -0.273934 6 1 5 9 10 -0.163244 9 0 6 10 -0.333537 
0 2 5 5 3 10 0.301309 10 -0.722343 3 9 10 0.973235 1 9 10 -0.146275 9 0 4 8 8 4 8 9 1 5 3 6 7 2 6 9 3 7 6 4 0 6 7 4 8 7 5 1 0 1 6 7 4 9 9 1 1 10 -0.411389 7 5 5 1 2 9 9 6 6 6 7 7 2 2 2 7 6 4 6 7 3 3 6 7 2 7 7 1 5 5 10 -0.789270 9 9 2 9 7 5 9 10 -0.273934 6 1 5 9 10 -0.163244 9 0 6 10 -0.333537 
0 2 5 5 3 10 0.301309 10 -0.722343 3 9 10 0.973235 1 9 10 -0.146275 9 0 4 8 8 4 8 9 1 5 3 6 7 2 6 9 3 7 6 4 0 6 7 4 8 7 6 
0 2 5 5 3 10 0.301309 10 -0.722343 3 9 10 0.973235 1 9 10 -0.146275 9 0 4 8 8 4 8 9 1 5 3 6 7 2 6 9 3 7 6 4 0 6 7 4 8 7 6 
0 2 5 5 3 10 0.301309 10 -0.722343 3 9 10 0.973235 1 9 10 -0.146275 9 0 4 8 8 4 8 9 1 5 3 6 7 2 6 9 3 7 6 4 0 6 7 4 8 7 6 
0 2 5 5 3 5 3 10 0.301309 10 -0.722343 3 9 10 0.973235 1 9 10 -0.146275 10 -0.722343 3 9 10 0.973235 1 9 10 -0.146275 9 0 4 8 8 4 8 9 1 5 3 6 7 2 6 9 3 7 6 4 0 6 7 4 8 7 6 
0 2 5 5 3 10 0.301309 10 -0.722343 3 9 10 0.973235 1 9 10 -0.146275 9 0 4 8 8 4 8 9 1 5 3 6 7 2 6 9 3 6 10 -0.722343 4 0 6 7 4 8 7 6 
0 2 5 5 3 10 0.301309 10 -0.722343 3 9 10 0.973235 1 9 10 -0.146275 9 0 4 8 8 4 8 9 1 5 3 6 7 2 6 9 3 6 10 -0.722343 4 0 6 7 4 8 7 6 
0 2 5 5 3 10 0.301309 10 -0.722343 3 9 10 0.973235 1 9 10 -0.146275 9 0 4 8 8 4 4 8 9 9 1 5 3 6 7 2 6 9 3 6 10 -0.722343 4 0 6 7 4 8 7 6 
0 2 5 5 3 10 0.301309 10 -0.722343 3 9 10 0.973235 1 9 10 -0.146275 9 0 4 8 8 4 4 8 9 9 1 5 3 6 7 2 6 9 3 6 10 -0.722343 4 0 6 7 4 8 7 6 
0 2 5 5 3 10 0.301309 10 -0.722343 3 9 10 0.973235 1 9 10 -0.146275 9 0 4 8 8 4 4 8 0 6 7 9 1 5 3 6 7 2 6 9 3 6 10 -0.722343 4 0 6 7 4 8 7 6 
0 2 5 5 3 10 0.301309 10 -0.722343 3 9 10 0.973235 1 9 10 -0.146275 9 0 4 8 8 4 4 8 0 6 7 9 1 5 3 6 7 2 6 9 3 6 10 -0.722343 4 0 6 7 4 8 7 6 
0 2 5 5 3 4 8 9 10 -0.722343 3 9 10 0.973235 1 9 10 -0.146275 9 0 4 8 8 4 4 8 0 6 7 9 1 5 3 6 7 2 6 9 3 6 10 -0.722343 4 0 6 7 4 8 7 6 
0 2 5 5 3 4 8 0 6 7 10 -0.722343 3 9 10 0.973235 1 9 10 -0.146275 9 0 4 8 8 4 4 8 0 6 7 9 1 5 3 6 7 2 6 9 3 6 10 -0.722343 4 0 6 7 4 8 7 6 
0 2 5 5 3 4 8 9 10 -0.722343 3 9 10 0.973235 1 9 10 -0.146275 9 0 4 8 8 4 4 8 0 6 7 9 1 5 3 6 7 2 6 9 3 6 10 -0.722343 4 0 6 7 4 8 7 6 
0 2 5 5 3 4 8 9 10 -0.722343 3 9 10 0.973235 1 9 10 -0.146275 9 0 4 8 8 4 4 8 0 6 7 9 1 5 3 6 7 2 6 9 3 6 10 -0.722343 4 0 6 7 4 8 7 6 
0 2 5 5 3 4 8 9 10 -0.722343 3 9 10 0.973235 1 9 10 -0.146275 9 0 4 8 8 4 4 8 0 6 7 9 1 5 3 6 7 2 6 9 3 6 10 -0.722343 4 0 6 7 4 8 7 6 
0 2 5 5 3 4 8 9 10 -0.722343 3 9 10 0.973235 1 9 10 -0.146275 9 0 4 8 2 5 5 3 4 8 9 10 -0.722343 3 9 10 0.973235 1 9 10 -0.146275 9 0 4 8 8 4 4 8 0 6 7 9 3 9 10 0.973235 4 4 8 0 6 7 9 1 5 3 6 7 2 6 9 3 6 10 -0.722343 4 0 6 7 4 8 7 6 
0 2 5 5 3 4 8 9 10 -0.722343 3 9 0 6 7 1 9 10 -0.146275 9 0 4 8 2 5 5 3 4 8 9 10 -0.722343 3 9 10 0.973235 1 9 10 -0.146275 9 0 4 8 8 4 4 8 0 6 7 9 3 9 10 0.973235 4 4 8 0 6 7 9 1 5 3 6 7 2 6 9 3 6 10 -0.722343 4 0 6 7 4 8 7 6 
0 2 5 5 3 9 10 -0.722343 3 9 10 0.973235 1 9 10 -0.146275 9 0 4 8 2 5 5 3 4 8 9 10 -0.722343 3 9 10 0.973235 1 9 10 -0.146275 9 0 4 8 8 4 4 8 0 6 7 9 3 9 10 0.973235 4 4 8 0 6 7 9 1 5 3 6 7 2 6 9 3 6 10 -0.722343 4 0 6 7 4 8 7 6 
0 2 5 5 3 9 10 -0.722343 3 9 10 0.973235 1 9 10 -0.146275 9 0 4 8 2 5 5 3 4 8 9 10 -0.722343 3 9 10 0.973235 1 9 10 -0.146275 9 0 4 8 8 4 4 8 0 6 7 9 3 9 10 0.973235 4 4 8 0 6 7 9 1 5 3 6 7 2 6 9 3 6 10 -0.722343 4 0 6 7 4 8 7 6 
0 2 5 5 3 9 10 -0.722343 3 9 10 0.973235 1 9 10 -0.146275 9 0 4 8 2 5 5 7 3 9 10 0.973235 1 9 10 -0.146275 9 0 4 8 8 4 4 8 2 6 9 9 3 9 10 0.973235 4 4 8 0 1 9 10 -0.146275 7 9 1 5 3 6 7 2 6 9 3 6 10 -0.722343 4 0 6 7 4 8 7 6 
0 2 5 5 3 9 10 -0.722343 3 9 10 0.973235 1 9 10 -0.146275 9 0 4 8 2 5 5 9 3 9 10 0.973235 1 9 10 -0.146275 9 0 4 8 8 4 4 8 2 6 9 9 3 9 10 0.973235 4 4 8 0 1 9 10 -0.146275 7 9 1 5 3 6 7 2 6 9 3 6 10 -0.722343 4 0 6 7 4 8 7 6 
0 2 5 5 3 9 10 -0.722343 3 9 10 0.973235 1 9 10 -0.146275 9 0 4 8 2 5 5 9 3 9 10 0.973235 1 9 10 -0.146275 9 0 4 8 8 4 4 8 9 9 3 9 10 0.973235 4 4 8 0 1 9 10 -0.146275 7 9 1 5 3 6 7 2 6 9 3 6 10 -0.722343 4 0 6 7 4 8 7 6 
0 2 5 5 3 9 10 -0.722343 3 9 10 0.973235 1 9 10 -0.146275 9 0 4 8 2 5 5 9 3 9 10 0.973235 1 9 10 -0.146275 9 0 4 8 8 4 4 8 2 6 9 9 3 9 10 0.973235 4 4 8 0 1 9 10 -0.146275 7 9 1 5 3 6 7 2 6 9 3 6 10 -0.722343 4 0 6 7 4 8 7 6 
0 2 5 5 3 9 10 -0.722343 3 9 10 0.973235 1 9 10 -0.146275 9 0 4 8 2 5 5 9 3 9 10 0.973235 1 9 10 -0.146275 9 0 4 8 8 4 4 8 2 6 9 9 3 9 10 0.973235 4 4 8 0 1 9 10 -0.146275 7 9 1 5 3 6 7 2 6 9 3 6 10 -0.722343 4 0 6 7 4 8 7 6 
0 2 5 5 3 9 10 -0.722343 3 9 10 0.973235 1 9 10 -0.146275 9 0 4 8 2 5 5 9 3 9 10 0.973235 9 9 0 4 8 8 4 4 8 2 6 9 9 3 9 10 0.973235 4 4 8 0 1 9 10 -0.146275 7 9 1 5 3 6 7 2 6 9 3 6 10 -0.722343 4 0 6 7 4 8 7 6 
0 2 5 5 3 9 10 -0.722343 3 9 10 0.973235 1 9 10 -0.146275 1 9 10 -0.146275 0 4 8 2 5 5 9 3 9 10 0.973235 1 9 10 -0.146275 9 0 4 8 8 4 4 8 2 6 9 9 3 9 10 0.973235 4 4 8 0 1 9 10 -0.146275 7 9 1 5 3 6 7 2 6 9 3 6 10 -0.722343 4 0 6 7 4 8 7 6 
0 2 5 5 3 9 10 -0.722343 3 9 10 0.973235 1 9 10 -0.146275 9 0 4 8 2 5 5 9 3 9 10 0.973235 1 9 10 -0.146275 9 0 4 8 8 4 4 8 2 6 9 9 3 9 10 0.973235 4 4 8 0 1 9 10 -0.146275 7 9 1 5 3 6 7 2 6 9 3 7 10 -0.722343 4 0 6 7 4 8 7 6 
0 2 5 5 3 9 10 -0.722343 3 9 10 0.973235 1 9 10 -0.146275 9 0 4 8 2 5 5 9 3 9 10 0.973235 1 9 10 -0.146275 9 0 4 8 8 4 4 8 2 6 9 9 3 9 10 0.973235 4 4 8 0 1 9 10 -0.146275 6 9 1 5 3 6 7 2 6 9 3 6 10 -0.722343 4 0 6 7 4 8 7 6 
0 2 5 5 3 9 10 -0.722343 3 9 10 0.973235 1 9 10 -0.146275 9 0 4 8 2 5 5 3 4 8 9 10 -0.722343 3 9 10 0.973235 1 9 10 -0.146275 9 0 4 8 8 4 4 8 0 6 7 9 9 4 4 8 0 1 9 10 -0.146275 7 9 1 5 3 9 7 2 6 9 3 6 10 -0.722343 4 0 6 7 4 8 7 6 
0 2 5 5 3 9 10 -0.722343 3 9 10 0.973235 1 9 10 -0.146275 9 0 4 8 2 5 5 9 3 9 10 0.973235 1 9 10 -0.146275 9 0 4 8 8 4 4 8 2 6 9 9 3 9 10 0.973235 4 4 8 0 1 3 9 10 0.973235 10 -0.146275 7 9 1 5 3 6 7 2 6 9 3 6 10 -0.722343 4 0 6 7 4 8 7 6 
0 2 5 5 3 9 10 -0.722343 3 9 10 0.973235 1 9 10 -0.146275 9 0 4 8 2 5 5 9 3 9 10 0.973235 1 9 10 -0.146275 9 0 4 8 8 4 4 8 9 9 3 9 10 0.973235 4 4 8 0 1 9 10 -0.146275 7 9 1 5 3 6 7 2 6 9 3 6 10 -0.722343 4 0 6 7 4 8 7 6 
0 2 5 5 3 9 10 -0.722343 3 9 10 0.973235 1 9 10 -0.146275 9 0 4 8 2 5 5 3 4 8 9 10 -0.722343 3 9 10 0.973235 1 9 10 -0.146275 9 0 4 8 8 4 4 8 0 6 7 2 6 9 3 9 10 0.973235 4 4 8 0 1 9 10 -0.146275 7 9 1 5 3 9 7 2 6 9 3 6 10 -0.722343 4 0 6 7 4 8 7 6 
4 0 1 3 6 6 3 8 6 1 3 8 6 3 9 8 2 5 0 10 0.243080 8 1 9 7 5 7 9 9 0 3 6 9 5 6 10 0.437391 9 
4 0 1 3 6 6 3 8 6 1 3 8 6 3 6 8 2 5 0 10 0.243080 8 1 9 7 5 7 9 9 0 3 6 9 5 6 10 0.437391 9 
4 0 1 3 6 6 3 8 6 1 3 8 6 3 6 8 2 5 0 10 0.243080 8 1 9 7 5 7 9 9 0 3 6 9 5 6 10 0.437391 9 
4 0 1 3 6 0 3 6 9 5 6 10 0.437391 9 3 8 6 1 3 8 6 3 6 8 2 5 0 10 0.243080 8 1 9 7 5 7 9 9 0 3 6 9 5 6 10 0.437391 9 
4 0 1 3 6 6 3 8 6 1 3 8 6 3 6 8 2 5 0 10 0.243080 8 1 9 7 5 7 9 9 0 3 6 9 6 
4 0 1 3 6 6 3 8 6 1 3 8 6 3 6 8 2 5 0 8 2 3 8 8 4 9 9 1 9 7 5 7 9 9 0 3 6 9 6 
4 0 1 3 6 6 3 8 6 1 3 8 6 3 6 8 2 5 0 8 2 3 8 8 4 9 9 1 9 7 5 7 9 9 0 3 6 9 8 
4 0 1 3 6 6 3 1 9 7 6 1 3 8 6 3 6 8 2 5 0 8 2 3 8 8 4 9 9 1 9 7 5 7 9 9 0 3 6 9 8 
4 0 1 3 6 6 3 1 9 7 6 1 3 8 6 3 6 8 2 5 0 8 2 3 8 8 4 9 9 1 9 7 5 7 9 9 0 3 6 9 8 
4 0 1 3 6 6 3 1 9 7 5 0 8 2 3 8 8 4 9 9 1 9 7 5 7 9 9 1 3 8 6 3 6 8 2 5 0 8 2 3 8 8 4 9 9 1 9 7 5 7 9 9 0 3 6 9 8 
4 0 1 3 6 6 3 1 9 7 5 0 8 2 3 8 8 4 9 9 1 9 7 5 7 9 9 1 3 8 6 3 6 8 2 5 0 8 2 3 8 8 4 9 9 1 9 7 5 7 9 9 0 3 6 9 8 
4 0 1 3 6 6 3 1 9 7 5 0 8 2 3 8 8 4 9 9 1 9 7 5 5 7 9 9 9 9 1 3 8 6 3 6 8 2 5 0 8 2 3 8 8 4 9 9 1 9 7 5 7 9 9 0 3 6 9 8 
4 0 1 3 6 6 3 1 9 7 5 0 8 2 3 8 8 4 9 9 1 9 7 5 7 9 9 1 3 8 6 3 6 8 2 5 0 8 2 3 8 8 4 9 9 1 9 7 5 7 9 9 0 3 6 9 8 
4 0 1 3 6 6 3 1 9 7 5 0 8 2 3 8 8 4 9 9 1 9 7 5 7 9 9 1 3 8 6 3 6 8 2 5 0 8 2 3 8 8 4 9 9 1 9 7 5 7 9 9 0 3 6 9 8 
4 0 1 3 6 6 3 1 9 7 5 0 8 2 3 8 8 4 9 9 1 9 7 5 7 9 9 1 3 8 6 3 6 8 2 5 0 8 2 3 8 8 4 9 9 1 9 7 2 9 0 4 0 1 3 6 6 3 1 9 7 5 0 8 2 3 8 8 4 9 9 1 9 7 5 7 9 9 1 3 8 6 3 6 8 2 5 0 8 2 3 8 8 4 9 9 1 9 7 5 7 9 9 0 3 6 9 8 8 0 3 6 9 8 
4 0 1 3 6 6 3 1 9 7 5 0 8 2 3 8 8 4 9 9 1 9 7 5 7 9 9 1 3 8 5 7 0 9 3 9 8 0 3 7 10 -0.923704 1 6 6 3 6 8 2 5 0 8 2 3 8 8 4 9 9 1 9 7 5 7 9 9 0 3 6 9 8 
4 0 1 3 6 6 3 1 9 7 5 0 8 2 3 8 8 4 9 9 1 9 7 5 7 9 9 1 3 8 5 7 0 9 3 9 8 0 3 7 10 -0.923704 1 6 6 3 6 8 2 5 0 8 2 3 8 8 4 9 9 1 9 7 5 7 9 9 0 3 6 9 8 
4 0 1 3 6 6 3 1 9 7 5 0 8 2 3 8 8 4 9 9 1 9 7 5 7 9 9 1 3 8 5 7 0 9 3 9 8 0 3 7 10 -0.923704 1 6 6 3 6 8 2 5 0 8 2 3 8 8 4 9 9 1 9 7 5 7 9 9 0 3 6 9 8 
4 0 1 3 6 6 3 3 1 9 7 5 0 8 2 3 8 8 4 9 9 1 9 7 5 7 9 9 5 0 8 2 3 8 8 4 9 9 1 9 7 5 7 9 9 1 3 8 5 7 0 9 3 9 8 0 3 7 10 -0.923704 1 6 6 3 6 8 2 5 0 8 2 3 8 8 4 9 9 1 9 7 5 7 9 9 0 3 6 9 8 
4 0 1 3 6 6 3 3 1 9 7 5 0 8 2 3 8 8 4 9 9 1 9 7 5 7 9 9 5 0 8 2 3 8 8 4 9 9 1 8 9 5 7 9 9 1 3 8 5 7 0 9 3 9 8 0 3 7 10 -0.923704 1 6 6 3 6 8 2 5 0 8 2 3 8 8 4 9 9 1 9 7 5 7 9 9 0 3 6 9 8 
4 0 1 3 6 6 3 3 1 9 7 5 0 8 2 3 8 8 4 9 9 1 9 7 5 7 9 9 5 0 8 2 3 8 8 4 9 9 1 8 9 5 7 9 9 1 3 8 5 7 0 9 3 9 8 0 3 7 10 -0.923704 1 6 6 3 6 8 2 5 0 8 2 3 8 8 4 9 9 1 9 7 5 1 9 7 9 9 0 3 6 9 8 
4 0 1 3 6 6 3 3 1 9 7 5 0 8 2 3 8 8 4 9 9 1 9 7 5 7 9 9 5 0 8 2 3 8 8 4 9 9 1 8 9 5 7 9 9 1 3 8 5 7 0 9 3 9 8 0 3 7 10 -0.923704 1 6 6 3 6 8 2 5 0 8 2 3 8 8 4 9 9 1 9 7 5 7 9 9 0 3 6 9 8 
4 0 1 3 6 6 3 3 1 9 7 5 0 8 2 3 8 8 4 9 9 1 9 7 5 7 9 9 5 0 8 2 3 8 8 4 9 9 1 8 9 5 7 9 9 1 3 8 5 7 0 9 3 9 8 0 3 7 10 -0.923704 1 6 6 3 6 8 2 5 0 8 2 3 8 8 4 9 9 1 9 7 5 7 9 9 0 3 6 9 8 
4 0 1 3 6 6 3 3 1 9 7 5 0 8 2 3 8 8 4 9 9 1 9 7 5 7 9 9 5 0 8 2 3 8 8 4 9 9 1 8 9 5 7 9 9 1 8 3 6 8 2 5 0 8 2 3 8 8 4 9 9 1 9 7 5 7 9 9 0 3 6 9 8 
4 0 1 9 3 3 1 9 7 5 0 8 2 3 8 8 4 9 9 1 9 7 5 7 9 9 5 0 8 2 3 8 8 4 9 9 1 8 9 5 7 9 9 1 3 8 5 7 0 9 3 9 3 8 5 7 0 9 3 9 8 0 3 7 10 -0.923704 1 6 6 0 3 7 10 -0.923704 1 6 6 3 6 8 2 5 0 8 2 3 8 8 4 9 9 1 9 7 5 7 9 9 0 3 6 9 8 
4 0 1 9 3 3 1 9 7 5 0 1 9 3 3 1 9 7 5 0 8 2 3 8 8 4 9 9 1 9 7 5 7 9 9 5 0 8 2 3 8 8 4 9 9 1 8 9 5 7 9 9 2 3 8 8 4 9 9 1 9 7 5 7 9 9 5 0 8 2 3 8 8 4 9 9 1 8 9 5 7 9 9 1 3 8 5 7 0 9 3 9 8 0 3 7 10 -0.923704 1 6 6 3 6 8 2 5 0 8 2 3 8 8 4 9 9 1 9 7 5 7 9 9 0 3 6 9 8 
4 0 8 1 3 8 5 7 0 9 3 9 8 0 3 7 10 -0.923704 1 6 6 3 6 8 2 5 0 8 2 3 8 8 4 9 9 1 9 7 5 7 9 9 0 3 6 9 8 
4 0 1 9 3 3 1 9 7 5 0 8 2 3 8 8 4 9 9 1 9 7 5 7 9 9 5 0 8 2 3 8 8 4 1 8 9 9 1 8 9 5 7 9 9 1 3 8 5 7 0 9 3 9 8 0 3 7 10 -0.923704 1 6 6 3 6 8 2 5 0 8 2 3 8 8 4 9 9 1 9 7 5 7 9 9 0 3 6 9 8 
4 0 1 9 3 3 1 9 7 5 0 8 2 3 8 8 4 9 9 1 9 7 5 7 9 9 5 0 8 2 3 8 8 4 9 9 9 5 7 9 9 1 3 8 5 7 0 9 3 9 8 0 3 7 10 -0.923704 1 6 6 3 6 8 2 5 0 8 2 3 8 8 4 9 9 1 9 7 5 7 9 9 0 3 6 9 8 
4 0 1 3 6 6 3 3 1 9 7 5 0 8 2 3 8 8 4 9 9 1 9 7 5 7 9 9 5 0 8 2 8 4 9 9 1 8 9 5 7 9 9 1 3 8 5 7 0 9 3 9 8 0 3 7 10 -0.923704 1 6 6 3 6 8 2 5 0 8 2 3 8 8 4 9 9 5 0 1 6 10 -0.582995 10 0.174383 9 0 3 6 8 3 9 7 5 7 9 9 0 3 6 9 8 
4 0 1 3 6 6 3 3 1 9 7 5 0 8 2 3 8 8 4 9 9 1 9 7 5 7 9 9 5 0 8 2 3 3 8 8 8 4 9 9 1 8 9 5 7 9 9 1 3 8 5 7 0 9 3 9 8 0 3 7 10 -0.923704 1 6 6 3 6 8 2 5 0 8 2 3 8 8 4 9 9 1 9 7 5 7 9 9 0 3 6 9 8 
4 0 1 9 3 3 1 9 7 5 3 3 1 9 7 5 0 8 2 3 8 8 4 9 9 1 9 7 5 7 9 9 5 0 8 2 3 8 8 4 9 9 1 8 9 5 7 9 9 1 9 7 5 7 9 9 5 0 8 2 3 8 8 4 9 9 1 8 9 5 7 9 9 1 3 8 5 7 0 9 3 9 8 0 3 7 10 -0.923704 1 6 6 3 6 8 2 5 0 8 2 3 8 8 4 9 9 1 9 7 5 7 9 9 0 3 6 9 8 
0 0 3 4 7 7 2 8 8 5 3 6 9 0 9 7 2 6 8 2 0 4 7 10 -0.858119 4 8 6 1 5 6 7 7 4 10 0.084841 7 
0 0 3 4 7 7 2 8 8 5 4 8 6 0 9 7 2 6 8 2 0 4 7 10 -0.858119 4 8 6 1 5 6 7 7 4 10 0.084841 7 
0 0 3 4 7 7 2 8 8 5 8 0 9 7 10 -0.047761 2 0 4 7 10 -0.858119 4 8 6 1 5 6 7 7 4 10 0.084841 7 
0 0 3 4 7 7 2 8 8 5 10 -0.047761 0 9 7 2 6 8 2 0 4 7 10 -0.858119 4 8 6 1 5 6 7 7 4 0 4 7 10 -0.858119 4 8 6 7 
0 0 3 4 7 7 2 8 8 5 10 -0.047761 8 2 6 8 0 0 3 4 7 7 2 8 8 5 10 -0.047761 0 9 7 2 6 8 2 0 4 7 10 -0.858119 4 8 6 1 5 6 7 7 4 10 0.084841 7 
0 0 3 4 7 7 2 8 8 5 10 -0.047761 8 2 6 8 2 0 7 4 8 6 1 5 6 7 10 -0.858119 4 10 0.084841 7 
0 0 3 4 7 7 2 8 8 5 10 -0.047761 8 2 6 8 2 0 7 4 8 6 1 5 6 7 10 -0.858119 10 -0.047761 
0 0 3 4 3 4 7 7 2 8 8 7 2 8 8 5 10 -0.047761 8 2 6 8 2 0 7 4 8 6 1 5 6 6 10 -0.858119 10 -0.047761 
0 0 3 3 4 7 7 2 8 8 2 8 8 5 10 -0.047761 8 2 6 8 2 0 7 4 8 6 1 5 6 7 10 -0.858119 10 -0.047761 
0 0 3 7 2 8 8 5 10 -0.047761 8 2 6 8 2 0 7 4 8 6 1 5 6 7 10 -0.858119 10 -0.047761 
0 0 3 7 2 8 8 5 10 -0.047761 8 2 6 8 2 0 7 8 1 5 6 7 10 -0.858119 10 -0.047761 
0 0 3 7 2 8 8 5 10 -0.047761 8 2 6 8 2 0 2 6 8 4 8 6 1 5 6 7 10 -0.858119 10 -0.047761 
0 0 3 7 2 8 8 5 10 -0.047761 2 8 8 2 6 8 2 0 2 6 8 4 8 6 1 5 6 7 10 -0.858119 10 -0.047761 
0 0 3 7 2 8 8 5 10 -0.047761 2 8 8 2 6 8 2 0 2 6 8 4 8 4 8 6 1 5 6 7 10 -0.858119 10 -0.047761 
0 0 3 7 2 8 8 5 10 -0.047761 2 8 8 2 6 8 2 0 2 6 8 4 8 10 -0.047761 1 5 6 7 10 -0.858119 10 -0.047761 
0 0 3 7 2 8 8 5 10 -0.047761 2 5 10 -0.047761 2 8 8 2 6 8 8 2 6 8 2 0 2 6 8 4 8 10 -0.047761 1 5 6 7 10 -0.858119 10 -0.047761 
0 0 3 7 2 8 8 5 10 -0.047761 2 1 5 6 7 10 -0.858119 10 -0.047761 8 2 6 8 2 0 2 0 3 7 2 8 8 5 10 -0.047761 2 5 10 -0.047761 2 8 8 2 6 8 8 2 6 8 8 4 8 10 -0.047761 1 5 6 7 10 -0.858119 10 -0.047761 
0 6 2 0 2 6 8 4 8 10 -0.047761 1 5 6 7 10 -0.858119 10 -0.047761 
0 0 3 7 2 8 8 5 10 -0.047761 2 5 10 -0.047761 2 8 8 2 6 8 8 6 2 0 2 6 8 4 8 10 -0.047761 1 5 6 7 10 -0.858119 10 -0.047761 
0 0 3 7 2 8 8 5 10 -0.047761 2 5 10 -0.047761 2 8 8 2 2 6 8 8 8 2 6 8 2 0 2 6 8 4 8 10 -0.047761 1 5 6 7 10 -0.858119 10 -0.047761 
0 0 3 7 2 8 8 5 10 -0.047761 2 5 10 -0.047761 2 8 8 2 6 8 8 2 6 8 2 0 2 6 8 4 8 10 -0.047761 1 5 6 7 10 -0.858119 2 6 8 
0 0 3 7 2 8 8 5 10 -0.047761 2 1 5 6 7 10 -0.858119 10 -0.047761 8 2 6 8 2 0 10 -0.047761 4 8 10 -0.047761 1 5 6 7 10 -0.858119 10 -0.047761 
2 8 8 
0 0 3 7 0 0 3 7 2 8 8 5 10 -0.047761 2 5 10 -0.047761 2 8 8 2 6 8 8 2 6 8 2 0 2 6 8 4 8 10 -0.047761 1 5 6 7 10 -0.858119 10 -0.047761 5 10 -0.047761 2 1 5 6 7 10 -0.858119 10 -0.047761 8 2 6 8 2 0 2 6 8 4 8 10 -0.047761 1 5 6 7 10 -0.858119 10 -0.047761 
0 0 3 7 2 8 8 5 10 -0.047761 2 5 10 -0.047761 2 8 8 2 6 8 8 2 6 8 2 10 -0.047761 1 5 6 7 10 -0.858119 10 -0.047761 
4 0 5 0 4 9 10 -0.344890 3 8 7 0 1 7 9 1 6 8 3 1 9 9 0 8 7 5 4 5 10 0.067171 7 7 5 9 7 7 5 3 6 8 4 9 6 5 8 10 0.383282 8 3 3 9 7 2 6 10 0.287088 0 2 2 5 9 7 9 1 6 8 1 4 6 9 0 9 10 -0.547136 4 4 3 7 8 2 6 8 0 2 8 7 2 6 9 
4 0 5 0 4 9 10 -0.344890 3 8 7 0 1 7 9 1 6 8 3 1 9 9 0 8 7 5 4 5 10 0.067171 7 7 5 9 7 7 5 3 6 8 4 9 6 6 3 3 9 7 2 6 10 0.287088 0 2 2 5 9 7 9 1 6 8 1 4 10 -0.117954 9 0 9 10 -0.547136 4 4 3 7 8 2 6 8 0 2 8 7 2 6 9 
4 0 5 0 4 9 10 -0.344890 3 8 7 0 1 7 9 1 6 8 3 1 9 9 0 8 7 5 4 5 10 0.067171 7 7 5 9 7 7 5 3 6 8 4 9 6 5 8 10 0.383282 8 3 3 9 7 2 6 10 0.287088 0 2 2 5 9 7 9 1 6 8 1 4 10 -0.117954 9 0 9 10 -0.547136 4 4 3 7 8 2 6 8 0 2 2 8 7 7 2 6 9 
4 0 5 0 4 9 10 -0.344890 8 0 1 7 9 1 6 8 3 1 9 9 0 8 7 5 4 5 10 0.067171 7 7 5 9 7 7 5 3 6 8 4 9 6 5 8 10 0.383282 8 3 3 9 7 2 6 10 0.287088 0 2 2 5 9 7 9 1 6 8 1 4 10 -0.117954 9 0 9 10 -0.547136 4 4 3 7 8 2 6 8 0 2 8 7 2 6 9 
1 1 4 0 2 6 10 -0.300699 1 6 8 2 0 10 -0.461806 8 4 9 10 -0.103030 1 0 5 6 9 6 1 6 10 -0.582904 4 0 6 6 2 9 9 3 3 4 4 6 6 1 7 7 4 4 10 0.075991 6 5 9 6 9 3 4 3 7 8 5 7 7 6 2 3 8 9 1 8 10 -0.156957 
1 0 4 0 3 9 10 0.864620 4 6 7 4 0 8 10 0.630970 0 7 8 4 4 2 10 0.240638 7 3 6 9 4 0 7 8 3 7 8 5 2 4 5 6 7 10 -0.669454 3 6 6 3 0 10 0.509049 6 1 6 6 2 4 0 8 6 3 6 6 9 2 0 3 9 9 5 10 0.831233 7 7 3 3 9 8 4 6 10 -0.270394 
1 0 4 0 3 9 10 0.864620 4 6 7 4 0 8 10 0.630970 0 7 8 4 4 2 10 0.240638 7 3 6 9 4 0 7 8 3 7 8 5 2 4 5 6 7 10 -0.669454 3 6 6 3 0 10 0.509049 6 1 6 6 2 4 0 8 6 3 6 6 4 4 8 9 5 9 10 0.852443 7 2 0 3 9 9 5 10 0.831233 7 7 3 3 9 8 4 6 10 -0.270394 
0 1 3 2 2 1 9 10 0.411878 4 9 6 5 0 10 -0.941557 7 3 9 10 -0.340220 3 7 9 2 0 4 6 7 0 7 9 2 1 6 8 3 7 8 5 4 4 1 8 6 2 7 10 0.394452 4 1 7 10 0.461898 1 8 8 4 3 2 6 8 1 8 9 1 0 7 10 -0.549394 5 10 0.878903 8 7 3 3 2 9 6 5 8 8 6 0 4 7 7 1 8 10 0.113102 1 4 3 0 2 10 0.343333 7 1 8 7 2 1 10 -0.337687 7 0 10 -0.096225 8 4 1 2 6 10 0.373333 2 9 8 1 2 9 7 5 10 -0.727103 10 0.436567 6 3 0 3 4 10 0.641346 10 -0.180517 3 7 9 1 5 6 10 -0.187384 10 -0.505753 0 10 0.801508 7 0 3 1 8 8 2 10 0.326395 10 0.317362 5 2 8 6 2 10 0.957976 9 3 8 7 
5 5 6 7 4 8 0 1 6 5 9 8 9 10 -0.423811 5 3 4 3 10 0.937529 3 6 8 5 6 6 9 3 1 8 0 7 7 3 6 10 -0.901975 2 2 3 0 7 10 -0.390912 2 6 7 5 1 9 9 2 8 8 4 6 9 6 9 8 
1 5 3 9 6 0 7 9 3 10 -0.040132 9 5 3 8 7 3 10 0.452406 10 -0.040132 9 
1 5 3 9 8 0 7 9 3 10 -0.040132 9 5 3 8 7 3 10 0.452406 3 8 7 9 1 0 0 3 5 0 10 0.214972 10 0.803735 3 9 10 0.058412 2 6 8 5 4 8 7 3 10 -0.482406 10 0.873135 0 10 0.283822 10 0.200659 5 3 2 9 9 0 7 9 5 0 10 -0.460738 7 1 7 10 0.255928 5 10 0.321207 9 6 2 1 7 6 2 8 10 0.689535 5 2 0 0 10 0.206275 10 0.483016 4 8 8 0 4 8 9 5 6 8 9 1 3 3 9 6 5 8 8 9 0 5 6 8 7 1 8 9 0 4 4 6 9 5 7 9 9 2 5 9 10 -0.291940 10 -0.407483 2 8 7 3 2 4 4 0 9 9 4 10 0.371380 9 5 5 8 8 6 0 10 -0.825617 7 2 8 8 3 1 0 9 9 5 10 -0.393933 7 9 1 1 6 9 2 6 10 0.956175 3 0 5 3 8 10 -0.224128 4 9 10 -0.537095 4 6 8 0 5 9 8 10 -0.365764 0 10 0.312967 10 0.987304 4 4 5 7 6 7 5 6 8 6 0 0 9 6 0 7 8 
2 5 2 8 9 1 7 8 3 10 0.589831 10 0.066042 3 5 8 6 7 3 10 -0.715537 8 
3 0 3 3 8 10 0.308267 3 7 10 -0.873531 3 1 7 9 2 10 -0.284555 8 3 4 1 9 6 3 8 8 2 2 7 6 4 10 -0.655690 6 
1 1 2 0 5 1 9 6 0 7 8 3 10 -0.895016 8 1 3 8 9 0 7 8 0 1 5 6 7 10 -0.167150 0 7 8 4 0 6 7 5 6 9 10 0.704062 3 5 4 3 9 7 1 8 7 2 5 6 7 9 0 10 -0.470321 10 0.717338 5 3 8 10 -0.106540 5 10 0.403729 10 0.934477 9 0 8 7 2 5 2 10 -0.896847 6 3 8 8 3 9 9 1 3 8 8 0 8 10 -0.372753 4 4 3 4 3 10 0.460524 8 2 7 9 4 4 6 8 3 8 8 4 5 5 6 8 6 0 7 6 3 6 7 0 2 7 7 5 10 -0.787591 9 9 0 3 2 4 7 6 4 6 8 3 4 9 6 5 8 9 6 5 4 3 7 7 4 8 7 4 4 7 7 3 6 9 5 0 6 7 5 7 6 10 -0.247414 4 10 -0.822016 9 
5 5 2 0 5 10 -0.705527 6 10 -0.605976 4 8 7 4 5 9 6 8 1 8 8 5 4 1 9 9 1 6 6 1 1 9 8 0 10 -0.910489 7 3 5 7 6 8 3 8 7 4 1 5 8 8 6 3 10 -0.089175 8 5 5 7 6 10 0.885678 5 9 9 8 4 6 9 2 0 5 5 7 6 9 5 10 0.958220 10 0.539140 10 0.099582 2 10 0.169195 7 1 5 7 7 6 3 10 -0.469497 9 3 2 3 6 8 3 7 8 3 1 7 10 0.218085 2 8 7 5 2 3 5 9 7 7 1 10 -0.137455 9 3 0 7 6 3 7 7 1 3 1 7 9 1 7 6 1 1 7 8 3 6 8 3 0 4 9 10 -0.756066 4 10 -0.186377 7 0 0 9 9 4 8 9 
2 0 2 0 0 10 0.730888 6 2 9 7 0 0 6 7 2 10 -0.715049 6 0 2 3 6 10 -0.609760 2 7 9 4 0 6 10 0.476516 3 10 0.546464 6 4 1 2 3 10 -0.329844 7 0 6 10 0.760247 3 5 8 6 10 0.049287 1 10 -0.549516 8 0 4 0 7 6 5 7 9 8 0 2 10 -0.193487 6 1 7 10 -0.243385 
1 2 5 2 5 3 7 10 0.815149 2 7 6 0 10 0.844417 9 2 4 10 -0.375683 9 4 10 0.795343 8 3 2 1 8 10 -0.623432 5 7 7 7 4 4 8 10 -0.028657 4 6 10 0.533372 3 3 0 6 6 1 9 6 0 3 10 -0.017029 6 4 7 9 2 3 1 0 6 8 0 7 6 3 5 8 9 7 0 10 -0.598743 9 4 3 1 7 7 2 8 9 4 4 10 -0.547349 8 0 9 10 -0.096591 4 0 5 5 5 8 10 0.232612 9 5 8 8 8 5 7 10 -0.639302 7 3 0 7 7 9 1 2 7 8 4 7 6 2 0 3 7 10 0.621143 5 6 9 8 3 5 6 8 6 4 8 7 0 4 0 2 6 8 3 9 9 1 5 9 10 -0.545091 10 0.945494 3 10 0.759209 7 0 5 4 7 10 0.630268 0 9 10 -0.445051 4 9 6 2 1 9 9 0 7 6 
5 3 1 0 3 7 7 4 10 0.199591 6 1 5 6 8 10 0.649831 2 7 7 3 2 2 9 10 0.113956 1 6 10 0.956633 5 5 7 8 6 2 8 10 -0.992248 2 6 6 0 2 3 0 6 9 3 7 6 4 4 8 10 -0.791650 1 9 9 5 5 1 7 8 4 10 0.424390 6 2 8 9 2 2 7 8 9 5 2 7 7 0 10 0.705283 9 3 8 8 1 2 2 3 7 6 1 8 6 0 0 8 9 3 6 8 2 5 0 9 10 0.104526 1 7 9 3 10 -0.986724 8 4 4 10 -0.834468 7 1 10 -0.927122 10 -0.448592 
2 0 7 2 0 8 6 4 3 9 9 4 8 7 5 1 3 6 6 8 1 2 1 6 6 4 8 9 2 3 6 7 7 6 
