1 2 4 8 9 5 10 0.343120 7 8 2 3 7 9 2 6 8 
1 2 4 8 9 5 6 6 10 0.663381 2 3 7 9 2 6 8 
1 2 4 8 9 5 6 6 10 0.663381 2 3 7 9 2 6 8 
1 2 4 8 9 5 6 6 10 0.663381 2 3 7 9 2 6 8 
1 2 4 8 9 5 6 6 10 0.663381 2 3 7 9 2 6 8 
1 2 4 8 9 5 6 6 10 0.663381 2 3 7 9 2 6 8 
1 2 4 8 9 5 6 6 10 0.663381 2 3 7 9 2 6 8 
1 2 4 8 9 5 6 6 10 0.663381 2 3 7 9 2 6 8 
1 2 4 8 9 5 6 4 1 7 10 0.455611 3 9 9 10 0.663381 2 3 7 9 2 6 8 
1 8 2 1 4 4 9 10 -0.041108 4 6 6 0 4 2 3 6 9 0 2 0 7 10 0.959685 2 3 0 1 6 6 6 10 0.146977 1 2 6 2 10 -0.262001 7 9 6 10 -0.550890 4 8 8 2 3 0 6 8 2 2 4 10 -0.148045 6 3 6 10 0.943907 1 4 8 9 1 10 0.304880 10 -0.622852 2 10 -0.262001 7 
1 8 2 1 4 4 9 10 -0.041108 4 6 6 0 4 2 3 6 9 0 2 0 7 10 0.959685 2 3 0 1 6 6 6 10 0.146977 1 2 6 2 10 -0.262001 7 9 6 10 -0.550890 4 8 8 2 3 0 6 8 2 2 4 10 -0.148045 6 3 6 10 0.943907 1 4 8 9 1 10 0.304880 10 -0.622852 2 10 -0.262001 7 
1 8 2 1 4 4 9 10 -0.041108 4 6 6 0 4 2 3 6 9 0 2 0 7 10 0.959685 2 3 0 1 6 6 6 10 0.146977 1 2 6 2 10 -0.262001 7 9 6 10 -0.550890 4 8 8 2 3 0 6 8 2 2 4 10 -0.148045 6 3 6 10 0.943907 1 4 8 9 1 10 0.304880 10 -0.622852 2 10 -0.262001 7 
1 8 2 1 4 4 9 10 -0.041108 4 6 6 0 4 2 3 6 9 0 2 0 7 10 0.959685 2 3 0 1 6 6 6 10 0.146977 1 2 6 2 10 -0.262001 7 9 6 10 -0.550890 4 8 8 2 3 0 6 8 2 2 4 10 -0.148045 6 3 6 10 0.943907 1 4 8 9 1 10 0.304880 10 -0.622852 2 10 -0.262001 7 
1 8 2 1 4 4 9 10 -0.041108 4 6 6 0 4 2 3 6 9 0 2 0 7 10 0.959685 2 3 0 1 6 6 6 10 0.146977 1 2 6 2 10 -0.262001 7 9 6 10 -0.550890 4 8 8 2 3 0 6 8 2 2 4 10 -0.148045 6 3 6 10 0.943907 1 4 8 9 1 10 0.304880 10 -0.622852 2 10 -0.262001 7 
1 8 2 1 4 4 9 10 -0.041108 4 6 6 0 4 2 3 6 9 0 2 0 7 10 0.959685 2 3 0 1 6 6 6 10 0.146977 1 2 6 2 10 -0.262001 7 9 6 10 -0.550890 4 8 8 2 3 0 6 8 2 2 4 10 -0.148045 6 3 6 10 0.943907 1 4 8 9 1 10 0.304880 10 -0.622852 2 10 -0.262001 7 
1 8 2 1 4 10 -0.626453 4 6 6 0 7 7 2 3 0 6 8 2 2 8 9 1 4 8 9 0 9 7 0 7 0 8 8 
1 8 2 1 4 10 -0.626453 4 6 6 0 7 7 2 3 0 6 8 2 2 8 9 1 4 8 9 0 9 7 0 7 0 8 8 
1 8 2 1 4 10 -0.626453 4 6 6 0 7 7 2 3 0 6 8 2 2 8 9 1 4 8 9 0 9 7 0 7 0 8 8 
1 8 2 1 4 10 -0.626453 4 6 6 0 7 7 2 3 0 6 8 2 2 8 9 1 4 8 9 0 9 7 0 7 0 8 8 
1 8 2 1 4 10 -0.626453 4 6 6 0 7 7 2 3 0 6 8 2 2 8 9 1 4 8 9 0 9 7 0 7 0 8 8 
1 8 2 1 4 10 -0.626453 4 6 6 0 7 7 2 3 0 6 8 2 2 8 9 1 4 8 9 0 9 7 0 7 0 8 8 
1 8 2 1 4 10 -0.626453 4 6 6 0 7 7 2 3 0 6 8 2 2 8 9 1 4 8 9 0 9 7 0 7 0 8 8 
1 8 2 1 4 10 -0.626453 4 6 6 0 7 7 2 3 0 6 8 2 2 8 9 1 4 8 9 0 9 7 0 7 0 8 8 
1 8 2 1 4 10 -0.626453 4 6 6 0 7 7 2 3 0 6 8 2 2 8 9 1 4 8 9 0 9 7 0 7 0 8 8 
1 8 2 1 4 10 -0.626453 4 6 6 0 7 7 2 3 0 6 8 2 2 8 9 1 4 2 1 0 9 10 -0.529679 4 0 9 8 6 3 6 9 9 0 9 7 7 
1 8 2 1 4 10 -0.626453 4 6 6 0 7 7 2 3 0 6 8 2 2 8 9 1 4 2 1 0 9 10 -0.529679 4 0 9 8 6 3 6 9 9 0 9 7 7 
1 8 2 1 4 10 -0.626453 4 6 6 0 7 7 2 3 0 6 8 2 2 8 9 1 4 2 1 0 9 10 -0.529679 4 0 9 8 6 3 6 9 9 0 9 7 7 
1 8 2 1 4 10 -0.626453 4 6 6 0 7 7 2 3 0 6 8 2 2 8 9 1 4 2 1 0 9 10 -0.529679 4 0 9 8 6 3 6 9 9 0 9 7 7 
1 8 2 1 4 10 -0.626453 4 6 6 0 7 7 2 3 0 6 8 2 2 8 9 1 4 2 1 0 9 10 -0.529679 4 0 9 8 6 3 6 9 9 0 9 7 7 
1 8 2 1 4 10 -0.626453 4 6 6 0 7 7 2 3 0 6 8 2 2 8 9 1 4 2 1 0 9 10 -0.529679 4 0 9 8 6 3 6 9 9 0 9 7 7 
1 8 2 1 4 10 -0.626453 4 6 6 0 7 7 2 3 0 6 8 2 2 8 9 1 4 2 1 0 9 10 -0.529679 4 0 9 8 6 3 6 9 9 0 9 7 7 
1 8 2 1 4 10 -0.626453 4 6 6 0 7 7 2 3 0 6 8 2 2 8 9 1 4 2 1 0 9 10 -0.529679 4 0 9 8 6 3 6 9 9 0 9 7 7 
1 8 2 1 4 10 -0.626453 4 6 6 0 7 7 2 3 0 6 8 2 2 8 9 1 4 2 1 0 9 10 -0.529679 4 0 9 8 6 3 6 9 9 0 9 7 7 
1 8 2 1 4 10 -0.626453 4 6 6 0 7 7 2 3 0 6 8 2 2 8 9 1 4 2 1 0 9 10 -0.529679 4 0 9 8 6 3 6 9 9 0 9 7 7 
1 8 2 1 4 10 -0.626453 4 6 6 0 7 7 2 3 0 6 8 2 2 8 9 1 4 2 1 0 9 10 -0.529679 4 0 9 8 6 3 6 9 9 0 9 7 7 
1 8 2 1 4 10 -0.626453 4 6 6 0 7 7 2 3 0 6 8 2 2 8 9 1 4 2 1 0 9 10 -0.529679 4 0 9 8 6 3 6 9 9 0 9 7 7 
1 8 2 1 4 10 -0.626453 4 6 6 0 7 7 2 3 0 6 8 2 2 8 9 1 4 2 1 0 9 10 -0.529679 4 0 9 8 6 3 6 9 9 0 9 7 7 
1 8 2 1 4 10 -0.626453 4 6 6 0 7 7 2 3 0 6 8 2 2 8 9 1 4 2 1 0 9 10 -0.529679 4 0 9 8 6 3 6 9 9 0 9 7 7 
4 1 8 2 1 4 10 -0.626453 4 6 6 0 7 1 9 8 2 3 0 6 8 2 2 8 9 1 4 2 1 0 9 10 -0.529679 4 0 2 8 9 8 4 1 6 0 9 7 6 3 6 9 9 0 9 7 7 5 6 8 7 
4 1 8 2 1 4 10 -0.626453 4 6 6 0 7 1 9 8 2 3 0 6 8 2 2 8 9 1 4 2 1 0 9 10 -0.529679 4 0 2 8 9 8 4 1 6 0 9 7 9 3 6 9 9 0 9 7 7 5 6 8 7 
4 1 8 2 1 4 10 -0.626453 4 6 6 0 7 1 9 8 2 3 0 6 8 2 2 8 9 1 4 2 1 0 9 10 -0.529679 4 0 2 8 9 8 4 1 6 0 9 7 9 3 6 9 9 0 9 7 7 5 6 8 7 
4 1 8 2 1 4 10 -0.626453 4 6 6 0 7 1 9 8 2 3 0 6 8 2 2 8 9 1 4 2 1 0 9 10 -0.529679 4 0 2 8 9 8 4 1 6 0 9 7 9 3 6 9 9 0 9 7 7 5 6 8 7 
4 1 8 2 1 4 10 -0.626453 4 6 6 0 7 1 9 8 2 3 0 6 8 2 2 8 9 1 4 2 1 0 9 10 -0.529679 4 0 2 8 9 8 4 1 6 0 9 7 9 3 6 9 9 0 9 7 7 5 6 8 7 
1 4 1 7 1 9 4 10 0.637257 0 2 6 8 10 -0.521317 8 8 
1 4 1 7 1 9 4 10 0.637257 0 2 6 8 4 5 9 8 7 6 8 8 
1 4 1 7 1 9 4 10 0.637257 0 2 6 8 4 5 9 8 7 6 8 8 
1 4 1 7 1 9 4 10 0.637257 0 2 6 8 4 5 9 8 7 6 8 8 
1 4 1 7 1 9 4 10 0.637257 0 2 6 8 4 5 9 8 7 6 8 8 
1 4 1 7 1 9 4 10 0.637257 0 2 6 8 4 5 9 8 7 6 8 8 
1 4 1 7 1 9 4 10 0.637257 0 2 6 8 4 5 9 8 7 6 8 8 
1 4 1 7 1 9 4 10 0.637257 0 2 6 8 4 5 9 8 7 6 8 8 
0 3 9 10 -0.521317 1 7 2 8 6 
0 3 9 10 -0.521317 1 7 2 8 6 
0 3 9 10 -0.521317 1 7 2 8 6 
0 3 9 10 -0.521317 1 7 2 8 6 
0 3 9 10 -0.521317 1 7 2 8 6 
0 3 9 10 -0.521317 1 7 2 8 6 
0 3 9 10 -0.521317 1 7 2 8 6 
0 3 9 10 -0.521317 1 7 2 8 6 
0 3 9 10 -0.521317 1 7 2 8 6 
0 3 9 10 -0.521317 1 7 2 8 6 
0 3 9 10 -0.521317 1 7 2 8 6 
0 3 9 10 -0.521317 1 7 2 8 6 
0 3 9 10 -0.521317 1 7 2 8 6 
0 3 9 10 -0.521317 1 7 2 8 6 
0 3 9 10 -0.521317 1 7 2 8 6 
0 3 9 10 -0.521317 1 7 2 8 6 
0 3 9 10 -0.521317 1 7 2 8 6 
0 3 9 10 -0.521317 1 7 2 6 8 
0 3 9 10 -0.521317 1 7 2 6 8 
0 3 9 10 -0.521317 1 7 2 6 8 
0 3 9 10 -0.521317 1 7 2 6 8 
0 3 9 10 -0.521317 1 7 2 6 8 
0 3 9 10 -0.521317 1 7 2 6 8 
0 3 9 10 -0.521317 1 7 2 6 8 
0 3 9 10 -0.521317 1 7 2 6 8 
0 3 9 10 -0.521317 1 7 2 6 8 
0 3 9 10 -0.521317 1 7 2 6 8 
0 3 9 10 -0.521317 1 7 2 6 8 
0 3 9 10 -0.521317 1 7 2 6 8 
0 3 9 10 -0.521317 1 7 2 6 8 
0 3 9 10 -0.521317 1 7 2 6 8 
0 3 9 10 -0.521317 1 7 2 6 8 
0 3 9 10 -0.521317 1 7 2 6 8 
0 3 9 10 -0.521317 1 7 2 6 8 
0 3 9 10 -0.521317 1 7 2 6 8 
0 3 9 10 -0.521317 1 7 2 6 8 
0 3 9 10 -0.521317 1 7 2 6 8 
0 3 9 10 -0.521317 1 7 2 6 8 
0 3 9 10 -0.521317 1 7 2 6 8 
0 3 9 10 -0.521317 1 7 2 6 8 
0 3 9 10 -0.521317 1 7 2 6 8 
0 3 9 10 -0.521317 1 7 2 6 8 
0 3 9 10 -0.521317 1 7 2 6 8 
0 3 9 10 -0.521317 1 7 2 6 8 
0 3 9 10 -0.521317 1 7 2 6 8 
0 3 9 10 -0.521317 1 7 2 6 8 
0 3 9 10 -0.521317 1 7 2 6 8 
0 3 9 10 -0.521317 1 7 2 6 8 
0 3 9 10 -0.521317 1 7 2 6 8 
1 4 4 6 6 4 6 6 0 1 9 7 2 6 8 
1 4 4 6 6 4 6 6 0 1 9 7 2 6 8 
1 4 4 6 4 9 8 4 6 6 0 1 9 7 2 6 8 
1 4 4 6 4 9 8 4 6 6 0 1 9 7 2 6 8 
1 4 4 6 9 4 6 6 0 1 9 7 2 6 8 
1 4 4 6 9 4 6 6 0 1 9 7 2 6 8 
1 4 4 6 9 4 6 6 0 1 9 7 2 6 8 
1 4 4 6 9 4 6 6 0 1 9 7 2 6 8 
1 4 4 6 9 4 6 6 0 1 9 7 2 6 8 
1 4 4 6 9 4 6 6 0 1 9 7 2 6 8 
1 4 4 6 9 4 6 6 0 1 9 7 2 6 8 
5 2 3 2 0 9 9 5 8 7 6 4 6 5 7 7 0 10 0.765160 1 2 1 9 7 10 0.596912 5 10 0.633015 2 9 10 -0.008911 6 3 2 3 8 7 5 9 9 10 -0.269234 5 3 10 0.746422 9 3 10 0.233772 3 6 10 0.882077 5 6 8 6 2 0 3 4 10 0.657888 6 2 8 8 4 0 6 8 8 0 1 3 9 8 0 9 8 4 0 7 7 0 10 -0.803583 6 0 2 0 3 9 10 -0.652211 1 10 -0.575091 10 -0.711631 5 5 6 6 9 4 7 8 1 5 8 2 10 -0.182989 7 8 5 1 7 6 2 8 6 9 3 0 2 7 9 0 7 6 0 3 7 6 4 7 6 
5 2 3 2 0 9 9 5 8 7 6 4 6 5 7 7 0 10 0.765160 1 2 1 9 7 10 0.596912 5 10 0.633015 2 9 10 -0.008911 6 3 2 3 8 7 5 9 9 10 -0.269234 5 3 10 0.746422 9 3 10 0.233772 3 6 10 0.882077 5 6 8 6 2 0 3 4 10 0.657888 6 2 8 8 4 0 6 8 8 0 1 3 9 8 0 9 8 4 0 7 7 0 10 -0.803583 6 0 2 0 3 9 10 -0.652211 1 10 -0.575091 10 -0.711631 5 5 6 6 9 4 7 8 1 5 8 2 10 -0.182989 7 8 5 1 7 6 2 8 6 9 3 0 2 7 9 0 7 6 0 3 7 6 4 7 6 
1 7 2 0 9 8 6 
1 7 2 0 9 8 6 
1 7 2 0 9 8 6 
1 7 2 0 9 8 6 
1 7 2 0 9 8 6 
1 7 2 0 9 8 6 
1 7 2 0 9 8 6 
1 7 2 0 9 8 6 
1 7 2 0 9 8 6 
1 7 2 0 9 8 6 
0 1 3 0 9 10 0.859127 7 0 9 8 4 0 7 7 0 10 -0.803583 6 
0 1 3 0 9 10 0.859127 7 0 9 8 4 0 7 7 0 10 -0.803583 6 
0 1 3 0 9 10 0.859127 7 0 9 8 4 0 7 7 0 10 -0.803583 6 
0 1 3 0 9 10 0.859127 7 0 9 8 4 0 7 7 0 10 -0.803583 6 
0 1 3 0 9 10 0.859127 7 0 9 8 4 0 7 7 0 10 -0.304331 6 
0 1 3 0 9 10 0.859127 7 0 9 8 4 0 7 7 0 10 -0.304331 6 
0 1 3 0 9 10 0.859127 7 0 9 8 4 0 7 7 0 10 -0.304331 6 
0 1 3 0 9 10 0.859127 7 0 9 8 4 0 7 7 0 10 -0.304331 6 
0 1 3 0 9 10 0.859127 7 0 9 8 4 0 7 7 0 10 -0.304331 6 
0 1 3 0 8 10 0.859127 7 0 9 8 4 0 7 7 0 10 -0.304331 6 
0 1 3 0 8 10 0.859127 7 0 9 8 4 0 7 7 0 10 -0.304331 6 
0 1 3 0 8 10 0.859127 7 0 9 8 4 0 7 7 0 10 -0.304331 6 
1 1 0 7 8 9 2 6 5 2 2 10 -0.473342 7 3 3 2 9 10 -0.174596 10 0.336497 2 8 9 6 0 9 8 
1 1 0 7 8 9 2 6 5 2 2 10 -0.473342 7 3 3 2 9 10 -0.174596 10 0.336497 2 8 9 6 0 9 8 
1 1 0 7 8 9 2 6 5 2 2 10 -0.473342 7 3 3 2 9 10 -0.174596 10 0.336497 2 8 9 6 0 9 8 
1 1 0 7 8 9 2 6 5 2 2 10 -0.473342 7 3 3 2 9 10 -0.174596 10 0.336497 2 8 9 6 0 9 8 
1 1 0 7 8 9 2 6 5 2 2 10 -0.473342 7 3 3 2 9 10 -0.174596 10 0.336497 2 8 9 6 0 9 8 
1 1 0 7 8 9 2 6 5 2 2 10 -0.473342 7 3 3 2 9 10 -0.174596 10 0.336497 2 8 9 6 0 9 8 
1 1 0 7 8 9 2 6 5 2 2 10 -0.473342 7 3 3 2 9 10 -0.174596 10 0.336497 2 8 9 6 0 9 8 
1 1 0 7 8 9 2 6 5 2 2 10 -0.473342 7 3 3 2 9 10 -0.174596 10 0.336497 2 8 9 6 0 9 8 
2 1 1 3 0 5 8 6 9 9 2 7 7 0 1 7 10 0.639546 3 8 6 2 3 2 9 6 4 8 9 5 3 9 6 3 10 0.052614 7 4 10 0.424421 8 4 4 5 0 8 8 5 9 6 7 0 10 -0.806574 8 1 1 9 6 3 9 9 5 2 0 10 0.888302 6 2 7 8 2 5 8 8 9 4 9 8 3 3 9 8 1 9 7 
2 1 1 3 0 5 8 6 9 9 2 7 7 0 1 7 10 0.639546 3 8 6 2 3 2 9 6 4 8 9 5 3 9 6 3 10 0.052614 7 4 10 0.424421 8 4 4 5 0 8 8 5 9 6 7 0 10 -0.806574 8 1 1 9 6 3 9 9 5 2 0 10 0.888302 6 2 7 8 2 5 8 8 9 4 9 8 3 3 9 8 1 9 7 
2 1 1 3 0 5 8 6 9 9 2 7 7 0 1 7 10 0.639546 3 8 6 2 3 2 9 6 4 8 9 5 3 9 6 3 10 0.052614 7 4 10 0.424421 8 4 4 5 0 8 8 5 9 6 7 0 10 -0.806574 8 1 1 9 6 3 9 9 5 2 0 10 0.888302 6 2 7 8 2 5 0 6 7 8 9 4 9 8 3 3 9 8 1 9 7 
2 1 1 3 0 5 8 6 9 9 2 7 7 0 1 7 10 0.639546 7 2 3 2 9 6 4 8 9 5 3 9 6 3 10 0.052614 7 4 10 0.424421 8 4 4 5 0 8 8 5 9 6 7 0 10 -0.806574 8 1 1 9 6 3 9 9 5 2 0 10 0.888302 6 2 7 8 2 5 8 8 9 4 9 8 3 3 9 8 1 9 7 
2 1 1 3 0 5 8 6 9 9 2 7 7 0 1 7 10 0.639546 7 2 3 2 9 6 4 8 9 5 3 9 6 3 10 0.052614 7 4 10 0.424421 8 4 4 5 0 8 8 5 9 6 7 0 10 -0.806574 8 1 1 9 6 3 9 9 5 2 0 10 0.888302 6 2 7 8 2 5 8 8 9 4 9 8 3 3 9 8 1 9 7 
2 1 1 3 0 5 8 6 9 9 2 7 7 0 1 7 10 0.639546 7 2 3 2 9 6 4 8 9 5 3 9 6 3 10 0.052614 7 4 10 0.424421 8 4 4 5 0 8 8 5 9 6 7 0 10 -0.806574 8 1 1 9 6 3 9 9 5 2 0 10 0.888302 6 2 7 8 2 5 8 8 9 4 9 8 3 3 9 6 1 9 7 
3 2 1 4 9 2 4 0 10 0.562365 7 4 8 7 9 5 6 10 -0.516678 10 0.113651 3 4 7 7 4 10 -0.808466 10 0.581957 2 2 3 10 -0.867153 10 0.595935 5 8 10 0.284860 10 -0.875088 10 0.255074 
3 2 1 4 9 2 4 0 10 0.562365 7 4 8 7 9 5 6 10 -0.516678 10 0.113651 3 4 7 7 4 10 -0.808466 10 0.581957 2 2 3 10 -0.867153 10 0.595935 5 8 10 0.284860 10 -0.875088 10 0.255074 
3 2 1 4 9 2 4 0 10 0.562365 7 4 8 7 9 5 6 10 -0.516678 10 0.113651 3 4 7 7 4 10 -0.808466 10 0.581957 2 2 3 10 -0.867153 10 0.595935 5 8 10 0.284860 10 -0.875088 10 0.255074 
3 2 1 4 9 2 4 0 10 0.562365 7 4 8 7 9 5 6 10 -0.516678 10 0.113651 3 4 7 7 4 10 -0.808466 10 0.581957 2 2 3 10 -0.867153 10 0.595935 5 8 10 0.284860 10 -0.875088 10 0.255074 
3 2 1 4 9 2 4 0 10 0.562365 7 4 8 7 9 5 6 10 -0.516678 10 0.113651 3 4 7 7 4 10 -0.808466 10 0.581957 2 2 3 10 -0.867153 10 0.595935 5 8 10 0.284860 10 -0.875088 10 0.255074 
3 2 1 4 9 2 4 0 10 0.562365 7 4 8 7 9 5 6 10 -0.516678 10 0.113651 3 4 7 7 4 10 -0.808466 10 0.581957 2 2 3 10 -0.867153 10 0.595935 5 8 10 0.284860 10 -0.875088 10 0.255074 
3 2 1 4 9 2 4 0 10 0.562365 7 4 8 7 9 5 6 10 -0.516678 10 0.113651 3 4 7 7 4 10 -0.808466 10 0.581957 2 2 3 10 -0.867153 10 0.595935 5 8 10 0.284860 10 -0.875088 10 0.255074 
3 2 1 4 9 2 4 0 10 0.562365 7 4 8 7 9 5 6 10 -0.516678 10 0.113651 3 4 7 7 4 10 -0.808466 10 0.581957 2 2 3 10 -0.867153 10 0.595935 5 8 10 0.284860 10 -0.875088 10 0.255074 
3 2 1 4 9 2 4 0 10 0.562365 7 4 8 7 9 5 6 10 -0.516678 10 0.113651 3 4 7 7 4 10 -0.808466 10 0.581957 2 2 3 10 -0.867153 10 0.595935 5 8 10 0.284860 10 -0.875088 10 0.255074 
3 2 1 4 9 2 4 0 10 0.562365 7 4 8 7 9 5 6 10 -0.516678 10 0.113651 3 4 7 7 4 10 -0.808466 10 0.581957 2 2 3 10 -0.867153 10 0.595935 5 8 10 0.284860 10 -0.875088 10 0.255074 
3 2 1 4 9 2 4 0 10 0.562365 7 4 8 7 9 5 6 10 -0.516678 10 0.113651 3 4 7 7 4 10 -0.808466 10 0.581957 2 2 3 10 -0.867153 10 0.595935 5 8 10 0.284860 10 -0.875088 10 0.255074 
3 2 1 4 9 2 4 0 10 0.562365 7 4 8 7 9 5 6 10 -0.516678 10 0.113651 3 4 7 7 4 10 -0.808466 10 0.581957 2 2 3 10 -0.867153 10 0.595935 5 8 10 0.284860 10 -0.875088 10 0.255074 
3 2 1 4 9 2 4 0 10 0.562365 7 4 8 7 9 5 6 10 -0.516678 10 0.113651 3 4 7 7 4 10 -0.808466 10 0.581957 2 2 3 10 -0.867153 10 0.595935 5 8 10 0.284860 10 -0.875088 10 0.255074 
3 2 1 4 9 2 4 0 10 0.562365 7 4 8 7 9 5 6 10 -0.516678 10 0.113651 3 4 7 7 4 10 -0.808466 10 0.581957 2 2 3 10 -0.867153 10 0.595935 5 8 10 0.284860 10 -0.875088 10 0.255074 
3 2 1 4 9 2 4 0 10 0.562365 7 4 8 7 9 5 6 10 -0.516678 10 0.113651 3 4 7 7 4 10 -0.808466 10 0.581957 2 2 3 10 -0.867153 10 0.595935 5 8 10 0.284860 10 -0.875088 10 0.255074 
3 2 1 4 9 2 4 0 10 0.562365 7 4 8 7 9 5 6 10 -0.516678 10 0.113651 3 4 7 7 4 10 -0.808466 10 0.581957 2 2 3 10 -0.867153 10 0.595935 5 8 10 0.284860 10 -0.875088 10 0.255074 
3 2 1 4 9 2 4 0 10 0.562365 7 4 8 7 9 5 6 10 -0.516678 10 0.113651 3 4 7 7 4 10 -0.808466 10 0.581957 2 2 3 10 -0.867153 10 0.595935 5 8 10 0.284860 10 -0.875088 10 0.255074 
3 2 1 4 9 2 4 0 10 0.562365 7 4 8 7 9 5 6 10 -0.516678 10 0.113651 3 4 7 7 4 10 -0.808466 10 0.581957 2 2 3 10 -0.867153 10 0.595935 5 8 10 0.284860 10 -0.875088 10 0.255074 
3 2 1 4 9 2 4 0 10 0.562365 7 4 8 7 9 5 6 10 -0.516678 10 0.113651 3 4 7 7 4 10 -0.808466 10 0.581957 2 2 3 10 -0.867153 10 0.595935 5 8 10 0.284860 10 -0.875088 10 0.255074 
3 2 1 4 9 2 4 0 10 0.562365 7 4 8 7 9 5 6 10 -0.516678 10 0.113651 3 4 7 7 4 10 -0.808466 10 0.581957 2 2 3 10 -0.867153 10 0.595935 5 8 10 0.284860 10 -0.875088 10 0.255074 
3 2 1 4 9 2 4 0 10 0.562365 7 4 8 7 9 5 6 10 -0.516678 10 0.113651 3 4 7 7 4 10 -0.808466 10 0.581957 2 2 3 10 -0.867153 10 0.595935 5 8 10 0.284860 10 -0.875088 10 0.255074 
3 2 1 4 9 2 4 0 10 0.562365 7 4 8 7 9 5 6 10 -0.516678 10 0.113651 3 4 7 7 4 10 -0.808466 10 0.581957 2 2 3 10 -0.867153 10 0.595935 5 8 10 0.284860 10 -0.875088 10 0.255074 
3 2 1 4 9 2 4 0 10 0.562365 7 4 8 7 9 5 6 10 -0.516678 10 0.113651 3 4 7 7 4 10 -0.808466 10 0.581957 2 2 3 10 -0.867153 10 0.595935 5 8 10 0.284860 10 -0.875088 10 0.255074 
3 2 1 4 9 2 4 0 10 0.562365 7 4 8 7 9 5 6 10 -0.516678 10 0.113651 3 4 7 7 4 10 -0.808466 10 0.581957 2 2 3 10 -0.867153 10 0.595935 5 8 10 0.284860 10 -0.875088 10 0.255074 
3 2 1 4 9 2 4 0 10 0.562365 7 4 8 7 9 5 6 10 -0.516678 10 0.113651 3 4 7 7 4 10 -0.808466 10 0.581957 2 2 3 10 -0.867153 10 0.595935 5 8 10 0.284860 10 -0.875088 10 0.255074 
3 2 1 4 9 2 4 0 10 0.562365 7 4 8 7 9 5 6 10 -0.516678 10 0.113651 3 4 7 7 4 10 -0.808466 10 0.581957 2 2 3 10 -0.867153 10 0.595935 5 8 10 0.284860 10 -0.875088 10 0.255074 
3 2 1 4 9 2 4 0 10 0.562365 7 4 8 7 9 5 6 10 -0.516678 10 0.113651 3 4 7 7 4 10 -0.808466 10 0.581957 2 2 3 10 -0.867153 10 0.595935 5 8 10 0.284860 10 -0.875088 10 0.255074 
3 2 1 4 9 2 4 0 10 0.562365 7 4 8 7 9 5 6 10 -0.516678 10 0.113651 3 4 7 7 4 10 -0.808466 10 0.581957 2 2 3 10 -0.867153 10 0.595935 5 8 10 0.284860 10 -0.875088 10 0.255074 
3 2 1 4 9 2 4 0 10 0.562365 7 4 8 7 9 5 6 10 -0.516678 10 0.113651 3 4 7 7 4 10 -0.808466 10 0.581957 2 2 3 10 -0.867153 10 0.595935 5 8 10 0.284860 10 -0.875088 10 0.255074 
3 2 1 4 9 2 4 0 10 0.562365 7 4 8 7 9 5 6 10 -0.516678 10 0.113651 3 4 7 7 4 10 -0.808466 10 0.581957 2 2 3 10 -0.867153 10 0.595935 5 8 10 0.284860 10 -0.875088 10 0.255074 
3 2 1 4 9 2 4 0 10 0.562365 7 4 8 7 9 5 6 10 -0.516678 10 0.113651 3 4 7 7 4 10 -0.808466 10 0.581957 2 2 3 10 -0.867153 10 0.595935 5 8 10 0.284860 10 -0.875088 10 0.255074 
3 2 8 7 5 9 10 0.696554 4 5 1 3 3 7 0 4 6 9 5 5 7 2 10 0.927213 6 7 2 3 7 10 0.179907 4 5 9 7 9 9 6 3 8 2 1 9 9 6 3 2 0 0 8 10 -0.220832 1 8 6 4 5 8 6 10 -0.830378 1 3 9 6 6 2 8 6 10 -0.165380 4 10 -0.349559 8 9 
3 2 8 7 5 9 10 0.696554 4 5 1 3 3 7 0 4 6 9 5 5 7 2 10 0.927213 6 7 2 3 7 10 0.179907 4 5 9 7 9 9 6 3 8 2 1 9 9 6 3 2 0 0 8 10 -0.220832 1 8 6 4 5 8 6 10 -0.830378 1 8 9 2 8 6 10 -0.165380 4 10 -0.349559 8 9 
1 3 1 4 8 8 6 7 3 10 -0.663259 2 8 10 0.553941 
1 3 1 4 8 8 6 7 3 10 -0.663259 2 8 10 0.553941 
1 3 1 4 8 8 6 7 3 10 -0.663259 2 8 10 0.553941 
1 3 1 4 8 8 6 7 3 10 -0.663259 2 8 10 0.553941 
1 3 1 4 8 8 6 7 3 10 -0.663259 2 8 10 0.553941 
1 3 1 4 8 8 6 7 3 10 -0.663259 2 8 10 0.553941 
2 1 10 -0.237098 3 4 10 0.700278 8 2 8 9 5 4 7 1 3 9 8 7 1 7 6 1 6 9 
2 1 10 -0.237098 3 4 10 0.700278 8 2 8 9 5 4 7 1 3 9 8 7 1 7 6 1 6 9 
2 1 10 -0.237098 3 4 10 0.700278 8 2 8 9 5 4 7 1 3 9 8 7 1 7 6 1 6 9 
2 1 10 -0.237098 3 4 10 0.700278 8 2 8 9 5 4 7 1 3 9 8 7 1 7 6 1 6 9 
2 1 10 -0.237098 3 4 10 0.700278 8 2 8 9 5 4 7 1 3 9 8 7 1 7 6 1 6 9 
2 1 10 -0.237098 3 4 10 0.700278 8 2 8 9 5 4 7 1 3 9 8 7 1 7 6 1 6 9 
2 1 10 -0.237098 3 4 10 0.700278 8 2 8 9 5 4 7 1 3 9 8 7 1 7 6 1 6 9 
2 1 10 -0.237098 3 4 10 0.700278 8 2 8 9 5 4 7 1 3 9 8 7 1 7 6 1 6 9 
2 1 10 -0.237098 3 6 2 8 9 5 4 7 1 3 9 7 7 10 -0.715720 1 6 9 
2 1 10 -0.237098 3 6 2 8 9 5 4 7 1 3 9 7 8 10 -0.715720 1 6 9 
2 1 10 -0.237098 3 6 2 8 9 5 4 7 1 3 9 7 7 10 -0.715720 10 0.086612 
2 1 10 -0.237098 3 6 2 8 9 5 4 7 1 3 9 7 7 10 -0.715720 10 0.086612 
2 1 10 -0.237098 3 6 2 8 9 5 4 7 1 3 9 7 7 10 -0.715720 10 0.086612 
2 1 10 -0.237098 3 6 2 8 9 5 4 7 1 3 9 7 7 10 -0.715720 10 0.086612 
2 1 10 -0.237098 3 6 2 8 9 5 4 7 1 3 9 7 7 10 -0.715720 10 0.086612 
2 1 10 -0.237098 3 6 2 8 9 5 4 7 1 3 9 7 7 10 -0.715720 10 0.086612 
2 1 10 -0.237098 3 6 2 8 9 5 4 7 10 -0.194128 10 -0.715720 10 0.086612 
2 1 10 -0.237098 3 6 2 8 9 5 4 7 1 3 8 7 7 10 -0.715720 10 0.086612 
2 1 10 -0.237098 3 6 2 8 9 5 4 7 1 3 8 7 7 10 -0.715720 10 0.086612 
2 1 10 -0.237098 3 6 2 8 9 5 4 7 1 3 7 7 7 10 -0.715720 10 0.086612 
2 1 10 -0.237098 3 6 2 8 9 5 4 7 8 10 -0.715720 10 0.086612 
2 1 10 -0.237098 3 6 2 8 9 5 4 7 1 3 7 7 7 10 -0.715720 10 0.086612 
2 1 10 -0.237098 3 6 2 8 9 5 4 7 8 10 -0.715720 10 0.086612 
2 1 10 -0.237098 3 6 2 8 9 5 4 7 1 3 7 9 7 10 -0.715720 10 0.086612 
2 1 10 -0.237098 3 6 2 8 9 5 4 7 7 10 -0.715720 10 0.086612 
2 1 10 -0.237098 3 6 2 8 9 5 4 7 1 3 7 8 7 10 -0.715720 10 0.086612 
2 1 10 -0.237098 3 6 2 8 9 5 4 7 1 3 7 8 7 10 -0.715720 10 0.086612 
2 1 10 -0.237098 3 6 2 8 9 5 4 7 1 3 7 8 7 10 -0.715720 10 0.086612 
2 1 10 -0.237098 3 6 2 8 9 5 4 7 1 3 7 8 8 10 -0.715720 10 0.086612 
2 1 10 -0.237098 3 6 2 8 9 5 4 7 1 3 7 8 7 10 -0.715720 10 0.086612 
2 1 10 -0.237098 3 6 2 8 9 5 4 7 1 3 7 8 7 10 -0.715720 10 0.086612 
2 1 10 -0.237098 3 6 2 8 9 5 4 7 1 3 7 8 7 10 -0.715720 10 0.086612 
2 1 10 -0.237098 3 6 2 8 9 5 4 7 1 3 7 8 7 10 -0.715720 10 0.086612 
2 1 10 -0.237098 3 6 2 8 9 5 4 7 1 3 7 8 7 10 -0.715720 10 0.086612 
2 1 10 -0.237098 3 6 2 8 9 5 4 7 1 3 7 8 7 10 -0.715720 10 0.086612 
2 1 10 -0.237098 3 6 2 8 9 5 4 7 1 3 7 8 7 10 -0.715720 10 0.086612 
2 1 10 -0.237098 3 6 2 8 9 5 4 7 1 3 7 8 7 10 -0.715720 10 0.086612 
2 1 10 -0.237098 3 6 2 8 9 5 4 7 1 3 7 8 7 10 -0.715720 10 0.086612 
2 1 10 -0.237098 3 6 2 8 9 5 4 7 1 3 7 8 7 10 -0.715720 10 0.086612 
2 1 10 -0.237098 3 6 2 8 9 5 4 7 1 3 7 8 7 10 -0.715720 10 0.086612 
2 1 10 -0.237098 3 6 2 8 9 5 4 7 1 3 7 8 7 10 -0.715720 10 0.086612 
2 1 10 -0.237098 3 6 2 8 9 5 4 7 1 3 7 8 7 10 -0.715720 10 0.086612 
2 1 10 -0.237098 3 6 2 8 9 5 4 7 1 3 7 8 7 10 -0.715720 10 0.086612 
2 1 10 -0.237098 3 6 2 8 9 5 4 7 1 3 7 8 8 10 -0.715720 10 0.086612 
2 1 10 -0.237098 3 6 2 8 9 5 4 7 1 3 7 8 10 0.060274 10 -0.715720 10 0.086612 
2 1 10 -0.237098 3 6 2 8 9 5 4 7 1 3 7 8 8 10 -0.715720 10 0.086612 
2 1 10 -0.237098 3 6 2 8 9 5 4 7 1 3 7 8 8 10 -0.715720 10 0.086612 
2 1 10 -0.237098 3 6 2 8 9 5 4 7 1 3 7 8 1 7 5 9 6 7 10 -0.715720 10 0.086612 
2 1 10 -0.237098 3 6 2 8 9 5 4 7 1 3 7 8 1 7 5 9 6 7 10 -0.715720 10 0.086612 
2 1 10 -0.237098 3 6 2 8 9 5 4 7 1 3 7 8 1 7 5 6 6 7 10 -0.715720 10 0.086612 
2 1 10 -0.237098 3 6 2 8 9 5 4 7 1 3 7 8 1 7 5 6 6 7 10 -0.715720 10 0.086612 
2 1 10 -0.237098 3 6 2 8 9 5 4 7 1 3 7 8 1 7 5 6 6 7 10 -0.715720 10 0.086612 
2 1 10 -0.237098 3 6 2 8 9 5 4 7 1 3 7 8 1 7 5 6 6 7 10 -0.715720 10 0.086612 
2 1 10 -0.237098 3 6 2 8 9 5 4 7 1 3 7 8 1 7 5 6 6 7 10 -0.715720 10 0.086612 
2 1 10 -0.237098 3 6 2 8 9 5 4 7 1 3 7 8 1 7 5 6 6 7 10 -0.715720 10 0.086612 
1 0 0 5 4 0 10 -0.437117 10 0.079318 0 9 6 2 1 10 0.448500 7 5 6 8 6 2 0 8 10 -0.173589 4 9 7 2 3 3 6 8 0 6 9 1 2 7 7 1 6 7 4 3 0 5 10 0.861446 10 0.508957 10 0.632008 1 6 9 2 0 8 10 -0.206519 0 6 8 2 0 2 9 7 5 7 9 9 5 1 10 -0.255196 9 3 7 7 2 8 7 3 4 1 0 2 6 8 0 6 10 0.930540 0 4 10 -0.582568 7 2 6 7 0 5 3 10 -0.376873 6 1 7 8 3 8 9 4 4 7 9 2 9 8 3 1 0 1 6 8 4 8 8 4 2 7 6 0 7 7 4 2 0 9 9 3 8 8 0 0 10 0.018128 9 2 7 9 
1 0 0 5 4 0 10 -0.437117 10 0.079318 0 9 6 2 1 10 0.448500 7 5 6 8 6 2 0 8 10 -0.173589 4 9 7 2 3 3 6 8 0 6 9 1 2 7 7 1 6 7 4 3 0 5 10 0.861446 10 0.508957 10 0.632008 1 6 9 2 0 8 10 -0.206519 0 6 8 2 0 2 9 7 5 7 9 9 5 1 10 -0.255196 9 3 7 7 2 8 7 3 4 1 0 2 6 8 0 6 10 0.930540 0 4 10 -0.582568 7 2 6 7 0 5 3 10 -0.376873 6 1 7 8 3 8 9 4 4 7 9 2 9 8 3 1 0 1 6 8 4 8 8 4 2 7 6 0 7 7 4 2 0 9 9 3 8 8 0 0 10 0.018128 9 2 7 9 
1 0 0 5 4 0 10 -0.437117 10 0.079318 0 9 6 2 1 10 0.448500 7 5 6 8 6 2 0 8 10 -0.173589 4 9 7 2 3 3 6 8 0 6 9 1 2 7 7 1 6 7 4 3 0 5 10 0.861446 6 10 0.632008 1 6 9 2 0 8 10 -0.206519 0 6 8 2 0 2 9 7 5 7 9 9 5 1 10 -0.255196 9 3 7 7 2 8 7 3 4 1 0 2 6 8 0 6 10 0.930540 0 4 10 -0.582568 7 2 6 7 0 5 3 10 -0.376873 6 1 7 8 3 8 9 4 4 7 9 2 9 8 3 1 0 1 6 8 4 8 8 4 2 7 6 0 7 7 4 2 0 9 9 3 8 8 0 0 10 0.018128 9 2 7 9 
1 0 0 5 4 0 10 -0.437117 10 0.079318 0 9 6 2 1 10 0.448500 7 5 6 8 6 2 0 8 10 -0.173589 4 9 7 2 3 3 6 8 0 6 9 1 2 7 7 1 6 7 4 3 0 5 10 0.861446 6 10 0.632008 1 6 9 2 0 8 10 -0.206519 0 6 8 2 0 2 9 7 5 7 9 9 5 1 10 -0.255196 9 3 7 7 2 8 7 3 4 1 0 2 6 8 0 6 10 0.930540 0 4 10 -0.582568 7 2 6 7 0 5 3 10 -0.376873 6 1 7 8 3 8 9 4 4 7 9 2 9 8 3 1 0 1 6 8 4 8 8 4 2 7 6 0 7 7 4 2 0 9 9 3 8 8 0 0 10 0.018128 9 2 7 9 
1 0 0 5 4 0 10 -0.437117 10 0.079318 0 9 6 2 1 10 0.448500 7 5 6 8 6 2 0 8 10 -0.173589 4 9 7 2 3 3 6 8 0 6 9 1 2 7 7 1 6 7 4 3 0 5 10 0.861446 6 10 0.632008 1 6 9 2 0 8 10 -0.206519 0 6 8 2 0 2 9 7 5 7 9 9 5 1 10 -0.255196 9 3 7 7 2 8 7 3 4 1 0 2 6 8 0 6 10 0.930540 0 4 10 -0.582568 7 2 6 7 0 5 3 10 -0.376873 6 1 7 8 3 8 9 4 4 7 9 2 9 8 3 1 0 1 6 8 4 8 8 4 2 7 6 0 7 7 4 2 0 9 9 3 8 8 0 0 10 0.018128 9 2 7 9 
1 0 0 5 4 0 10 -0.437117 10 0.079318 0 9 6 2 1 10 0.448500 7 5 6 8 6 2 0 8 10 -0.173589 4 9 7 2 3 3 6 8 0 6 9 1 2 7 7 1 6 7 4 3 0 5 10 0.861446 6 10 0.632008 1 6 9 2 0 8 10 -0.206519 0 6 8 2 0 2 9 7 5 7 9 9 5 1 10 -0.255196 9 3 7 7 2 8 7 3 4 1 0 2 6 8 0 6 10 0.930540 0 4 10 -0.582568 7 2 6 7 0 5 3 10 -0.376873 6 1 7 8 3 8 9 4 4 7 9 2 9 8 3 1 0 1 6 8 4 8 8 4 2 7 6 0 7 7 4 2 0 9 9 3 8 8 0 0 10 0.018128 9 2 7 9 
1 0 0 5 4 0 10 -0.437117 10 0.079318 0 9 6 2 1 10 0.448500 7 5 6 8 6 2 0 8 10 -0.173589 4 9 7 2 3 3 6 8 0 6 9 1 2 7 7 1 6 7 4 3 0 5 10 0.861446 6 10 0.632008 1 6 9 2 0 8 10 -0.206519 0 6 8 2 0 2 9 7 5 7 9 9 5 1 10 -0.255196 9 3 7 7 2 8 7 3 4 1 0 2 6 8 0 6 10 0.930540 0 4 10 -0.582568 7 2 6 7 0 5 3 10 -0.376873 6 1 7 8 3 8 9 4 4 7 9 2 9 8 3 1 0 1 6 8 4 8 8 4 2 7 6 0 7 7 4 2 0 9 9 3 8 8 0 0 10 0.018128 9 2 7 9 
1 0 0 5 4 0 10 -0.437117 10 0.079318 0 9 6 2 1 10 0.448500 7 5 6 8 6 2 0 8 10 -0.173589 4 9 7 2 3 3 6 8 0 6 9 1 2 7 7 1 6 7 4 3 0 5 10 0.861446 6 10 0.632008 1 6 9 2 0 8 10 -0.206519 0 6 8 2 0 2 9 7 5 7 9 9 5 1 10 -0.255196 9 3 7 7 2 8 7 3 4 1 0 2 6 8 0 6 10 0.930540 0 4 10 -0.582568 7 2 6 7 0 5 3 10 -0.376873 6 1 7 8 3 8 9 4 4 7 9 2 9 8 3 1 0 1 6 8 4 8 8 4 2 7 6 0 7 7 4 2 0 9 9 3 8 8 0 0 10 0.018128 9 2 7 9 
1 0 0 5 4 0 10 -0.437117 10 0.079318 9 2 1 10 0.448500 7 5 6 8 6 2 0 8 10 -0.173589 4 9 7 2 3 3 6 8 0 6 9 1 2 7 7 1 6 7 4 3 0 5 10 0.861446 6 10 0.632008 1 6 9 2 0 8 10 -0.206519 0 6 8 2 0 2 9 7 5 7 9 9 5 1 10 -0.255196 9 3 7 7 2 8 7 3 4 1 0 2 6 8 0 6 10 0.930540 0 4 10 -0.582568 7 2 6 7 0 5 3 10 -0.376873 6 1 7 8 3 8 9 4 4 7 9 2 9 8 3 1 0 1 6 8 4 8 8 4 2 7 6 0 7 7 4 2 0 9 9 3 8 8 0 0 10 0.018128 9 2 7 9 
1 0 0 5 4 0 10 -0.437117 10 0.079318 0 9 6 2 1 10 0.448500 7 5 6 8 6 2 0 8 10 -0.173589 4 9 7 2 3 3 6 8 0 6 9 1 2 7 7 1 6 7 4 3 0 5 10 0.861446 6 10 0.632008 1 6 9 2 0 8 10 -0.206519 0 6 8 2 0 2 9 7 5 7 9 9 5 1 10 -0.255196 9 3 7 7 2 8 7 3 4 1 9 0 4 10 -0.582568 7 2 6 7 0 5 3 10 -0.376873 6 1 7 8 3 8 9 4 4 7 9 2 9 8 3 1 0 1 6 8 4 8 8 4 2 7 6 0 7 7 4 2 0 9 9 3 8 8 0 0 10 0.018128 9 2 7 9 
1 0 0 5 4 0 10 -0.437117 10 0.079318 0 9 6 2 1 10 0.448500 7 5 6 8 6 2 0 8 10 -0.173589 4 9 7 2 3 3 6 8 0 6 9 1 2 7 7 1 6 7 4 3 0 5 10 0.861446 6 10 0.632008 1 6 9 2 0 8 10 -0.206519 0 6 8 2 0 2 9 7 5 7 9 9 5 1 10 -0.255196 9 3 7 7 2 8 7 3 4 1 9 0 4 10 -0.582568 7 2 6 7 0 5 3 10 -0.376873 6 1 7 8 3 8 9 4 4 7 9 2 9 8 3 1 0 1 6 8 4 8 8 4 2 7 6 0 7 7 4 2 0 9 9 3 8 8 0 0 10 0.018128 9 2 7 9 
1 0 0 5 4 0 10 -0.437117 10 0.079318 0 9 6 2 1 10 0.448500 7 5 6 8 6 2 0 8 10 -0.173589 4 9 7 2 3 3 6 8 0 6 9 1 2 7 7 1 6 7 4 3 0 5 10 0.861446 6 10 0.632008 1 6 9 2 0 8 10 -0.206519 0 6 8 2 0 2 9 7 5 7 9 9 5 1 10 -0.255196 9 3 7 7 2 8 7 3 4 1 9 0 4 10 -0.582568 7 2 6 7 0 5 3 10 -0.376873 6 1 7 8 3 8 9 4 4 7 9 2 9 8 3 1 0 1 6 8 4 8 8 4 2 7 6 0 7 7 4 2 0 9 9 3 8 8 0 0 10 0.018128 9 2 7 9 
1 0 0 5 4 0 10 -0.437117 10 0.079318 0 9 6 2 1 10 0.448500 7 5 6 8 6 2 0 8 10 -0.173589 4 9 7 2 3 3 6 8 0 6 9 1 2 7 7 1 6 7 4 3 0 5 10 0.861446 6 10 0.632008 1 6 9 2 0 8 10 -0.206519 0 6 8 2 0 2 9 7 5 7 9 9 5 1 10 -0.255196 9 3 7 7 2 8 7 3 4 1 9 0 4 10 -0.582568 7 2 6 7 0 5 3 10 -0.376873 6 1 7 8 3 8 9 4 4 7 9 2 9 8 3 1 0 1 6 8 4 8 8 4 2 7 6 0 7 7 4 2 0 9 9 3 8 8 0 0 10 0.018128 9 2 7 9 
1 0 0 5 4 0 10 -0.437117 10 0.079318 0 9 6 2 1 10 0.448500 7 5 6 8 6 2 0 8 10 -0.173589 4 9 7 2 3 3 6 8 0 6 9 1 2 7 7 1 6 7 4 3 0 5 10 0.861446 6 10 0.632008 1 6 9 2 0 8 10 -0.206519 0 6 8 2 0 2 9 7 5 7 9 9 5 1 10 -0.255196 9 3 7 7 2 8 7 3 4 1 9 0 4 10 -0.582568 7 2 6 7 0 5 3 10 -0.376873 6 1 7 8 3 8 9 4 4 7 9 2 9 8 3 1 0 1 6 8 4 8 8 4 2 7 6 0 7 7 4 2 0 9 9 3 8 8 0 0 10 0.018128 9 2 7 9 
1 0 0 5 4 0 10 -0.437117 10 0.079318 0 9 6 2 1 10 0.448500 7 5 6 8 6 2 0 8 10 -0.173589 4 9 7 2 3 3 6 8 0 6 9 1 2 7 7 1 6 7 4 8 2 0 2 9 7 5 7 9 9 5 1 10 -0.255196 9 3 7 7 2 8 7 3 4 1 9 0 4 10 -0.582568 7 2 6 7 0 5 3 10 -0.376873 6 1 7 8 3 8 9 4 4 7 9 2 9 8 3 1 0 1 6 8 4 8 8 4 2 7 6 0 7 7 4 2 0 9 9 3 8 8 0 0 10 0.018128 9 2 7 9 
1 0 0 5 4 0 10 -0.437117 10 0.079318 0 9 6 2 1 10 0.448500 7 5 6 8 6 2 0 8 10 -0.173589 4 9 7 2 3 3 6 8 0 6 9 1 2 7 7 1 6 7 4 8 2 0 2 9 7 5 7 9 9 5 1 10 -0.255196 9 3 7 7 2 8 7 3 4 1 9 0 4 10 -0.582568 7 2 6 7 0 5 3 10 -0.376873 6 1 7 8 3 8 9 4 4 7 9 2 9 8 3 1 0 1 6 8 4 8 8 4 2 7 6 0 7 7 4 2 0 9 9 3 8 8 0 0 10 0.018128 9 2 7 9 
1 0 0 5 4 0 10 -0.437117 10 0.079318 0 9 6 2 1 10 0.448500 7 5 6 8 6 2 0 8 10 -0.173589 4 9 7 2 3 3 6 8 0 6 9 1 2 7 7 1 6 7 4 3 0 5 10 0.861446 6 10 0.632008 4 1 2 10 0.155400 7 1 10 0.460768 9 3 2 10 -0.511002 7 2 9 8 2 0 8 10 -0.206519 0 6 8 2 0 2 9 7 5 7 9 9 5 1 10 -0.255196 9 3 7 7 2 8 7 3 4 1 9 0 4 10 -0.582568 7 2 6 7 0 5 3 10 -0.376873 9 1 7 8 3 8 9 4 4 7 9 2 9 8 3 1 0 1 6 8 4 8 8 4 2 7 6 0 7 7 4 2 0 9 9 3 8 8 0 0 10 0.018128 9 2 7 9 
1 0 0 5 4 0 10 -0.437117 10 0.079318 0 9 6 2 1 10 0.448500 7 5 6 8 6 2 0 8 10 -0.173589 4 9 7 2 3 3 6 8 0 6 9 1 2 7 7 1 6 7 4 3 0 5 10 0.861446 6 10 0.632008 4 1 2 10 0.155400 7 1 10 0.460768 9 3 2 10 -0.511002 7 2 9 8 2 0 8 10 -0.206519 0 6 8 2 0 2 9 7 5 7 9 9 5 1 10 -0.255196 9 3 7 7 2 8 7 3 4 1 9 0 4 10 -0.582568 7 2 6 7 0 5 3 10 -0.376873 9 1 7 8 3 8 9 4 4 7 9 2 9 8 3 1 0 1 6 8 4 8 8 4 2 7 6 0 7 7 4 2 0 9 9 3 8 8 0 0 10 0.018128 9 2 7 9 
1 0 0 5 4 0 10 -0.437117 10 0.079318 0 9 6 2 1 10 0.448500 7 5 6 8 6 2 0 8 10 -0.173589 4 9 7 2 3 3 6 8 0 6 9 1 2 7 7 1 6 7 4 3 0 5 10 0.861446 6 10 0.632008 4 1 2 10 0.155400 7 1 10 0.460768 9 3 2 10 -0.511002 7 2 9 8 2 0 8 10 -0.206519 0 6 8 2 0 2 9 7 5 7 9 9 5 1 10 -0.255196 9 3 7 7 2 8 7 3 4 1 9 0 4 10 -0.582568 7 2 6 7 0 5 3 10 -0.376873 9 1 7 8 3 8 9 4 4 7 9 2 9 8 3 1 0 1 6 8 4 8 8 4 2 7 6 0 7 7 4 2 0 9 9 3 8 8 0 0 10 0.018128 9 2 7 9 
1 0 0 5 4 0 10 -0.437117 10 0.079318 0 9 6 2 1 10 0.448500 7 5 6 8 6 2 0 8 10 -0.173589 4 9 7 2 3 3 6 8 0 6 9 1 2 7 7 1 6 7 4 3 0 5 10 0.861446 6 10 0.632008 4 1 2 10 0.155400 7 1 10 0.460768 9 3 2 10 -0.511002 7 2 9 8 2 0 8 10 -0.206519 0 6 8 2 0 2 9 7 5 7 9 9 5 1 10 -0.255196 9 3 7 7 2 8 7 3 4 1 9 0 4 10 -0.582568 7 2 6 7 0 5 3 10 -0.376873 9 1 7 8 3 8 9 4 4 7 9 2 9 8 3 1 0 1 6 8 4 8 8 4 2 7 6 0 7 7 4 2 0 9 9 3 8 8 0 0 10 0.018128 9 2 7 9 
1 0 0 5 4 0 10 -0.437117 10 0.079318 0 9 6 2 1 10 0.448500 7 5 6 8 6 2 0 8 10 -0.173589 4 9 7 2 3 3 6 8 0 6 9 1 2 7 7 1 6 7 4 3 0 5 10 0.861446 6 10 0.632008 4 1 2 10 0.155400 7 1 10 0.460768 9 3 2 10 -0.511002 7 2 9 8 2 0 8 10 -0.206519 0 6 8 2 0 2 9 7 5 7 9 9 5 1 10 -0.255196 9 3 7 7 2 8 7 3 4 1 9 0 4 10 -0.582568 7 2 6 7 0 5 3 10 -0.376873 9 1 7 8 3 8 9 4 4 7 9 2 9 8 3 1 0 1 6 8 4 8 8 4 2 7 6 0 7 7 4 2 0 9 9 3 8 8 0 0 10 0.018128 9 2 7 9 
1 0 0 5 4 0 10 -0.437117 10 0.079318 0 9 6 2 1 10 0.448500 7 5 6 8 6 2 0 6 0 8 10 0.001801 4 9 7 2 3 3 6 8 0 6 9 1 2 7 7 1 6 7 4 3 0 5 10 0.861446 6 10 0.632008 4 1 2 10 0.155400 7 1 10 0.460768 9 3 2 10 -0.511002 7 2 9 8 2 0 8 10 -0.206519 0 6 8 2 0 2 9 7 5 7 9 9 5 1 10 -0.255196 9 3 7 7 2 8 7 3 4 1 9 0 4 10 -0.582568 7 2 6 7 0 5 3 10 -0.376873 9 1 7 8 3 8 9 4 4 7 9 2 9 8 3 1 0 1 6 8 4 8 8 4 2 7 6 0 7 7 4 2 0 9 9 3 8 8 0 0 10 0.018128 9 2 7 9 
1 0 0 5 4 0 10 -0.437117 10 0.079318 0 9 6 2 1 10 0.448500 7 5 6 8 6 2 0 8 10 -0.173589 4 9 7 2 3 3 6 8 0 6 9 1 2 7 7 1 6 7 4 3 0 5 10 0.861446 6 10 0.632008 4 1 2 10 0.155400 7 1 10 0.460768 9 3 2 10 -0.511002 7 2 9 8 2 0 8 10 -0.206519 0 6 8 2 0 2 9 7 5 7 9 9 5 1 10 -0.255196 9 3 7 7 2 8 7 3 4 1 9 0 4 10 -0.582568 7 2 6 7 0 5 3 10 -0.376873 9 1 7 8 3 8 9 4 4 7 9 2 9 8 3 1 0 1 6 8 4 8 8 4 2 7 6 0 7 7 4 2 0 9 9 3 8 8 0 0 10 0.018128 9 2 7 9 
1 0 0 5 4 0 10 -0.437117 10 0.079318 0 9 6 2 1 10 0.448500 7 5 6 8 6 2 0 8 10 -0.173589 4 9 7 2 3 3 6 8 0 6 9 1 2 7 7 1 6 7 4 3 0 5 10 0.861446 6 10 0.632008 4 1 2 10 0.155400 7 1 10 0.460768 9 3 2 10 -0.511002 7 2 9 8 2 0 8 10 -0.206519 0 6 8 2 0 2 9 7 5 7 9 9 5 1 10 -0.255196 9 3 7 7 2 8 7 3 4 1 9 0 4 10 -0.582568 7 2 6 7 0 5 3 10 -0.376873 9 1 7 8 3 8 9 4 4 7 9 2 9 8 3 1 0 1 6 8 4 8 8 4 2 7 6 0 7 7 4 2 0 9 9 3 8 8 0 0 10 0.018128 9 2 7 9 
